   15 
   10 
    10 
    0   32   57  107   10   89   61   97  101   99  449  551  229  289  105 
  128    0   24  134   73   41   14   57   15  190  262  443  536  528  486 
  121   92    0  129   20   37   34   59   40   35  602  490  342  360  679 
   15   28   25    0   68   81   19  136   92   54  344  537  349  215  640 
   53  119   78   93    0   17    8  146   24  104  434  458  552  195  661 
   21   18   54   73   28    0   42   26   80   21  604  717  351  107  860 
   20   17   10   83   52  119    0   36   83   67  547  195  465  168  896 
  126   72   73  119   74   87   14    0   57   90  803  117  488  660  651 
   86   57   45   25   70   56   23   76    0   30 1045  584  312  200  483 
  110   67   51   49   70  135   14  108   32    0  395  108  664  559  338 
   45   97   33   44   19  150   36  151   70  175    0  124  795  130  195 
   90  114   70   40   18   24   14  132   66  153 1038    0  797  437  138 
   42   90   37  122   26   70   42   46   19  116  362  561    0  615  969 
   81   14   54   28   61  139   27   59   79   32  157  180  201    0  605 
   64   81   12   96   36   73   65   86  100   46  718  440  844  427    0 
    0   57   20   74   70  352  260 1214  334 1081   10   52  138   81   35 
   98    0   46  105   15  114  495 1323  108  228   59  116   63  139   93 
   54   71    0   64   36  256  491  319  341  764   71  106  152   19   82 
   99   38   23    0   55  518  603  927  276  353   58  111   50  149   51 
   42   59   42   76    0  225  606  409  374  329   84  100  147  135  124 
   28  126   14   97   71    0  107  374  213  751   85  129  128  142   42 
   12   38   62   99   19  278    0  323  242 1144   42  135  123  103   49 
   86  108   52   57   64  522  513    0  405  509   37   91   45  101  102 
   31  129   12   14   67  135  469  974    0  680   58   91  129   38   38 
  108   89   44   67   48  549  427  705   65    0   50   50  141   41  125 
  109   98   28   43   37  531  257  279  376  627    0  136   53   63   16 
   50  129   14   87   30  548  309  324  344  256   10    0  121  120   34 
  105  102   60   37   62  273  379  239  145  465   69  124    0   46   35 
   26  126   54  103   43  343  546  382   86  599   69   63  150    0   86 
   81   89   53  105   80  324  323 1022  157  859   83   14   60   84    0 
    0   64   29   36   62  364  382  479  598  542   31   65   40   68   75 
  103    0   77   91  155  312  483  233  231  697   99   82  149  133   17 
  103   77    0   35   82 1090  530  326  106  253   31   84  157  115   72 
   38   79   14    0   58  791  141   97  561  288   96   60  161  173  136 
   65   25   41   77    0  891 1227  447  563  453   82   14  145   97   33 
   22   82   78   24   74    0  238  727  406  914  116  102  118   78  129 
  148   26   67  119   96  664    0  267  102  633   98   74   25   78   29 
  107   66   52  101   47  713  483    0  185  623   56   23   96  162   75 
   24   63   71   45   87  195  607  362    0  745  107   73  136  159  120 
  110   81   12  115   33  496  332  167  611    0   78   55   83  137  102 
  115   64   26   53   63  243  637  140  628  738    0   39   24   50   45 
   79   33   49   63   33  183  717  274  562  611  100    0   23   59   74 
   16   36   72  162   29  514  179  245  559  115   31   23    0  148   99 
   27   58   40  115  143  520  576  192  272  447   29   36   25    0   20 
  131   49   79   61  129  233  584  457  123  120   30   49  144  111    0 
    0  190   87   75  119  472  840  331   76  770   26   36  101   81   24 
   51    0   47   21   81  760  420  578  184  595   56   40   59  118   66 
   15   22    0   24   95  837  277  257  214  202   60   77   48  100   25 
   52  151   23    0   29  750  516  502  158  471   26   11  118   47   49 
   32  105   51  167    0  724  248  414  194  764   65   10   57  112   30 
   27   42  156  117  154    0  267  556   36  123   46   36  139  178   49 
   15  146  111  106   23  306    0  388  142  757  100   52   65  138    7 
   40   96   95   39   32  727 1125    0  219  330   16   29  115   53   25 
    8  113  117  123   24  827  318  553    0  639   26   79  135   74   28 
   50   53   44  102   63  997  794  371  138    0   88   68   93   65   34 
   48  182   22  110   42  217 1139  200  243  113    0   42   76   55   12 
   22   37  122  195   72 1009  244  232  116   91   96    0   94   34   27 
    6  211   64  184  128  174  369  363  216  182   56   64    0   79   55 
   48  198  158  158  131  121 1105  536  119  599   54   68   27    0   32 
    9  132   96   65   18  900  714  667   55  750   65   87   73  173    0 
    0  378  164   89  303  111   36   25  104   44   82   68   69  189   94 
  233    0  420   68  280  170   63   65   23   53   44  116   30  150  243 
  335  972    0  272  116  217   61   53  151   52   54  157   78  127   45 
  693  797  295    0  446   56   13   44   84   47   76   68   22  170   38 
  255  634  480  194    0  173   63   13   40   58   18   65   35   51   46 
  838  771   77  179  552    0   39   70   36   58  115  149   17  101  147 
  491  689  154   88  546   89    0   67   24   18  117   68   37   64  178 
  810  331  230  303  645  147   63    0   21   39  122   86   62  181   72 
  381  363  276  143  223  133   59   33    0   64  132   84   29  191  196 
  937  705  416  207  672  149   48   29  151    0  100   52   47   49  169 
  483  923  411  303  145  217    8   64   52    8    0   86   15   73  103 
 1088  756  368  143  446   48   37   67  144   16   79    0   28  107  167 
  793  314  425  185  596   96   24   75  103   41   95  116    0  101   96 
  359  656  148  360  679  208   57   32   16   52   84   42   48    0  206 
  975  601  328  168  379  176   40   50   19   62   31  127   30  205    0 
    0  101  161  109   26  107   98   24  121   32  406  311  702  323  159 
  139    0   83  170  161  147  141   51  204  151  696  138  363  700  212 
   45   54    0   44  190   28  215   69  145  197  219  351  552  564  147 
  193   99  171    0   55   60  153   32   90  178  699  235  726  659  232 
  150   29  158   27    0   86  102   28   66  201  503  393  290  526  270 
  102   82  110  244   70    0  158   54  229  147  810  112  646  358  113 
  183   21  105   89   37   41    0   72  144  112  695  217  856  694   97 
   49   63   63  174  191   92   90    0  121   86  500  106  751  423   87 
  109   39   30  217  104  124   40   93    0  172  277  187  241  297  187 
  126   17  133   38   44  114  108   81  193    0  130  171  844  495  116 
  148   45  143   88  103   59  114   82  100   58    0  320  748   87  105 
   36   76  154  115  183   83  208   56  262   95  754    0  749  286   75 
  121   54   80   37   70  112   97   69  104  207  215   88    0  654  163 
  147   73  198  251  113   93  108   88   42   97  824  307  175    0   50 
   24   39   55  204   63   17  185  109  136  209  786  357   98  258    0 
    0   53  116  111   19   85   63   36   54  119  441  110  651  274 1296 
   37    0   56  203   18   81  121   44   56  142  301  137  438  478  681 
   21   23    0  116  129   25   94  139   13   83  162   72  833  569  333 
   58   32  157    0  149  146   75   95   33   28  490  206 1036  433  331 
   58   81  139  216    0  141  106  111   24  149  288  149  669  484  154 
   45   89  138  189   28    0  133  193   57  104  185  242  735  133 1145 
   26   78  110  186  116   17    0  167   63   50  539   38  597  546 1252 
   17   65   94   56   83  140  130    0   16   68   81   74  682  365  480 
   67   49   43   73  116   32   16  146    0  123  343  257  995  593 1064 
   55   44  161   42   36   89  105  104   34    0  429  253  339   85  946 
   71   70   49   92   41   37   54   95   36   24    0   94  433  337  198 
   71   83   98   86   37  145   47  102   36   72  586    0  459   94  660 
   32   28   76  110   50  125  103  167   11  117  291  135    0  586  196 
   56   33  127  177  119   85   65   82    7   68  313  151  480    0  388 
   57   54   79  212   83   87  119   87   68   48  338  158  515  534    0 
    0   56   70   66   29  677  452  359  197  316  123  202  180   73   67 
   44    0   64   51   56  447  718  205  231  632   88   67  224  111   51 
   64   68    0   84  133  357  689   71  449  315   65   78  117  138  143 
  104  108   79    0  132  168  502  282  216  183   50  114   78   24  102 
   51   50   53  100    0  143  178  235  271 1034   68   35  120   16   30 
   73  130  115  129   30    0  155  178  184  495   80  107  240   42   60 
   18   88   86  125   53  943    0  224  411 1002   22   96   95   94  125 
   81   34   31   81   59  256  237    0  254  230  107  107  122   96  144 
   34  114   45   30  126  782  677   59    0  783  122  203  201   78   31 
   20   15   52   78   66  989  200  158   91    0   99   54   49   75  157 
   41  116   37  127   99  663  623  249  297  478    0  147  204   87  138 
   42  101  123  134  114  798  351  175  255  265   55    0   29  146  132 
   22   93   36   47   73  720  267  167  351 1071   31   97    0  144  106 
   96  133   64   25   78  898  490  295  180 1243  118  118   37    0  159 
   15   96   78   40   35  709  326   90   58  824  172  207  129  137    0 
    0  103  421  600  248  181  103   16   97  159   37   27   69   67   82 
  741    0  492  644  345  376   47  138  178  181  128  134   65  107   71 
  871  264    0  453  264   93   48   69   55  166  104   68  151  125   23 
  162  289  702    0  486   69  137  146  181   38   86  213  145   47   18 
 1038  235  125  178    0   44   65  163  289   77  114  197  109  104   18 
  875  454  257   84  546    0   94   59  170   34   68  253  105  115   14 
  982   91  393  246  171  101    0   27   63   39   18  126  124   87  108 
  303  106  222   95  126  183   70    0  281   44   66  209  148   51   85 
  323  477  661  253  180  354  128   97    0  131   47   44  122   79   83 
  244  382  835  507  211  186   22   43   67    0   27  207   66   86   26 
  548  166  764  635  374   61   38   23  227   35    0  210   33  115   20 
  164  113  248  615  602   39   67   48   78  146   53    0  123  115   88 
  436  209  158  669  235  300   53  106  187   67   63  125    0   62   56 
  593   54  572  104  569  153   97  123   40   57   40  187  132    0   47 
  779  476  232  422  145  157  117  156  155   65  124   74   31   42    0 
    0  355  497  273  296  115  198  167  141  129  145   77   75  108   47 
  445    0  458  246  292  252   84  194   44   85  105   73   74  145  184 
  530  178    0  442  407  222  189   76   90   54  100   78   83   95  248 
  311  123  580    0  356  240  124  138  231  104  125   20   15  171  180 
  102  292  410  297    0   75  119  120   81   37   95   71   14   25   34 
  508  211  340  306  292    0  164   43  135  108  154   28   66  151  205 
  533  294  400  440  167  251    0  128  128  106  119   33   26  178  156 
  394  247  314  205  421  229   82    0  113  137  147   74   57  160   43 
  111  186  538  260 1285  141  203  155    0   63   41   16   44  143  168 
  227  223  477  275  757   32  181  144   52    0  120   60   75  184   40 
  434  181  646  354  494  101   26   33   41   54    0   14   45  164  204 
  291  376  377  298  553  109  142  152  151   91  168    0   40   36  105 
  299  130  336  378  270   36   35  142  190   17  109   20    0   30  253 
  569  198  383  340  162   45  176  189   45   50  137   41   24    0  165 
  565  248  652  424 1300  119  161  162  117  149  154   86   80  142    0 
  862  768  571  517  518  788  524  970  740  901  692  706  532  739  905 
 