   15 
   10 
    10 
    0   40   56   16   46  126  228   73  920  712   25   49  126   57   31 
  144    0   10   18   67   97  805  135  693  376  164  146   57  218   90 
   53  126    0   20  114  196  196  186  405  682   82   60   30   29  132 
  152  119   40    0  137  157  365  305 1086  229   39   34  140   82  129 
  102  261   45   27    0  142  641  250  930  678  116   36  102  116   66 
  190  228   38   51   33    0  484  347  380  409  171   88   29   52  137 
   25   30   48   34  150  196    0  216  947  923  172  124  123   60   65 
  117  257   27   10   97   96  197    0  807  456  187  122   86  142   64 
   94   75   23   20   47   54  673  136    0  800   71   61  135   95   51 
  154  226   52   47  114  138  207  184 1011    0  194  107  116   72   68 
   72   54   20   46  118  173  509  497  152  326    0  157   51  165  111 
   38  293   47   46   45  175  181  177  899  671  121    0   74  168  125 
  200   62   53   41  100  198  859  221  466  360  161  105    0  193   49 
   58  223   11   18   41   40  705  419  441  896  182   31  118    0   80 
   56   85   11   28  120   35  663   90  232  685   72   22   15  129    0 
    0  180  157  126  126   69  396 1466  901  321   97   45  121  116   48 
  104    0  112  172  124   44  155  350  501  397   22  133  106   48   44 
  124  113    0   83   27   64  465  628  657  466  113   84   54   56  114 
   25   25  133    0  164   55  327  237  256  291   92  192   35   54   87 
   92   67   57  118    0   23  365  436  611  838   81  211  127   88  104 
  119   75   49   98   54    0  281  650  643  580   91  200  107   88   87 
   98  161   78  146   86   75    0  449  635  130   44   67  108  116  125 
   44   74   86   21  135   18  408    0  817  774   66   87   21  117   92 
   34  150   68   52  142   56  359  395    0  357  101  110   17   85  110 
   30  105  166  111  154   48  233  249  628    0   69  175  101   97  119 
   77   58  135   49  152   19   53  227  865  701    0   75  106  122   83 
   34   87  163  176   27   65  250  307  812  132   58    0  156  102   38 
   93  170   71  171  165   84  109 1592  312  710   79   22    0  107   80 
   86   94   57  132   78   52   72  452  721  419   23  102   89    0   29 
   14   30   46  181   99   76  283 1433  262  452   72  128  124  138    0 
    0   31   58  200   28   51 1164  160   99  796   41  104   61   20   68 
  135    0   62   93   78   15  643  332  299  820   10   58  132   89   47 
  143   61    0  189   22   32  609  234  143  205   47   62  185   85   57 
   55   64   59    0  135   76  451  638  313  838   77  101  195   81   12 
  138   72   68  254    0   29 1192  242  283  762   12   93  115   94   41 
   91   68   30   85   62    0  951  608  346  764   46  114   27   98   17 
   94   46   47  144  125   11    0  123  166  362   76   27  168   95   65 
  104   52   63   93  141   48 1131    0  288 1482   19   92  162   89   74 
  143   45   68  225   90   37  409  570    0  831   87  116  126   21   51 
  131   73   55   93   56   56  314  743  203    0   34  136   97   47   66 
   34   24   53  110  145   59  835  342   54 1053    0   70  165   78   69 
   62    8   18   72   52   51  334  677  123  750   43    0  170   98   26 
   48   48   22   64  141   72  823  376  289  668   14  106    0   87   12 
  143   73   70  241  124   26 1154  109  166  411   14  130  191    0   67 
   44   22   50   99   91   97  309  538  210  833   91  101  171   94    0 
    0  156  104  266   47   78   13   79   27   63 1325  629  189  111  242 
   19    0   26  290   50   18   26   84  104   94  910  165  194  157  471 
   62  287    0   77   52   94   20   67   59  237  764  344  273  312  431 
   55  193   19    0   39   38   37   73   25   45  923  103  176  169  388 
   50  213  122   69    0   35   34  141   44  215  791  157  300   81  269 
   53   79   90  211   13    0   46   44  103   84 1193  100   69  246  332  
   37   35  131  230   80   18    0   50   57   47 1268  673   42  133  401 
   47  212   99   95   49   57   75    0   86   93  884  258  268  407  436 
   47   55   35  265   78   88   24   61    0   47 1099  581  361  158  479 
   33   89   83  161   32   90   64  139   59    0  553  133  226  345  456 
   63   41  119  223   53   71  100  134   22  170    0  530  342  397  415 
   58  216   96  135   35   59   49  140   39   79  445    0   65  319  261 
   61  267   32  291   72   85   89   47   99  158 1219   94    0  145  296 
   16   87  111  231   27   39   66  117  101  204  827  707  365    0  347 
   28   84   25  295   77   79   65  106  103   59  491  344  367  290    0 
    0   56   89   53  112  115  224   21   97  178  398  457  323  172  232 
   85    0  254   95  115   69   64   37   77  229  364   78  440  989  341 
   53   46    0  119  194  126   92   69  173  284  551  337  321  280  310 
   75   11   76    0  206   94  135   19  105  179  663   51   94  824  178 
   96   35   39  111    0  129  100   21  143   73  516  288  264  641  437 
   63   47   31   24  168    0  145   11   65  241  487  246  136  978  277 
   91   61  254  163   75   36    0   46   81  111  154  103  360 1240  311 
   56   66  213   35  232  116  180    0   21   35  469  410  139  383  403 
   59   68  149   26  111  119  141   75    0  175  514  435  103  957  239 
  103   59  124   53  227   70   31   68  158    0  544   47  442 1022  253 
   22   57   73  113   75   58   96   42   82   88    0  146  260  991  157 
   19   33  149  142  209   30  125   44   71  209  126    0  116 1020  308 
   69   65  237   73  216   91  135   47   54   50  364  229    0  700  109 
   93   15  103   34  136  118  176   24   39  269  441  248  459    0  108 
  103   72  212   91   26   65  203   60   36  113  946  422  298  211    0 
    0  142   37  109   43   42  105   79   35   71  532  685  176  108  847 
   22    0   56  100   60   27   72   78   35   72  125  874  313  160  286 
  108   85    0   87   60   19  157   47   58  174  553  201  615  468  549 
   37   82   29    0  117   16   68   21   77  131  359  813  317   53  604 
   93  167   21   93    0    6  116   21   90   26  375  833  726  120 1224 
   87   32   54   94   73    0   87   62   66   71  446  499  663   81  798 
   96   93   53   49   16   22    0   35   46  122  242  673  585   82  198 
  105   29   21   53   91   53   19    0   85   30  528  182  362  353 1268 
   66   71    8  109  108   48   72   38    0   47  442  626  731  179  175 
   57  102   50   84   64   46   61   93   77    0  361  426  262  342  447 
   81   53   12   77  112   52   22   32   15   93    0  445 1028  215  347 
  102  149   27   19   42   12  121   80   22   33  145    0  506  426  179 
   67   98   32   45   97   12  132   88   49  199  377  412    0  310 1080 
   76   56   46   93   21   34   65   59   36  205  233  841  746    0  314 
   16   39   27   82  102   30   47   40   19  142  281  442 1026  419    0 
    0   18  221   91   98   21  200  155   51   64  558  180  731  177  232 
  186    0  206   28   54   99  169   42  137   22  524  630  572  117  302 
  155   50    0  132   55   95   67   83   86   98  770  274  453  387  347 
   67   41  163    0  157   95  134   78  167   86  378  203  637  236  122 
  144   80   32  116    0   78  130   40   29   24  687  537  117  317  439 
   68   46   77   69  128    0   72  154  181   85  715  285  700  301  127 
  183   77   46   66   42   84    0  122   68  104  403  532  575  390  547 
  131   67  108  128  100   79  127    0   75   66  625  549  413  461  444 
   88   54  155   19  127   83   55  125    0   39  327  707  361  240  676 
   36   20  156   58   82   17   31  173   60    0  794  163  387  106  358 
   55   43  269  149   91   70  147  127  100   49    0  394  420   73  351 
  190   81   67  142  144   89  188  124   60   63  104    0  678  222  125 
   82   35  172   53   21   68   40   42   50   29  496  548    0  477  308 
   62   51  126  151   92   23  133   82  128   98  349  820  646    0  427 
   91   41   53   30   64   53  198  158   50   94  224  539  428  252    0 
    0  215  423  572   98   94  192  105   95   37  218   29   49  169  130 
   65    0  165  611  243   52  117   34   41  140   79  108   70  108   42 
  131 1012    0  603  458   71  157  116  131   87   42   47   54  149  235 
  604  151  206    0  223   41   44  125   99   45   37   43   10   89   33 
  115  932  176  675    0   14   75  154   96   55   82  110   68  102  136 
  218  815  679  690  329    0  191   19   14   91  233   97   34   87   96 
  550  880  623  128  242   84    0   66   40  116  175   44   26   63   91 
  526 1005  420  557  264   41   95    0   14  156   27   64   60  102   86 
  607  209  575  536  166   17  180  116    0  130  132   82   46  149  124 
  411  969  655  406  347   93  116   69  111    0  169   72   65   26   55 
  352  555  612  678  145   40   75   41   47   22    0   95   72   86  237 
  555  798  306  130  359  106  128  143   34   56  117    0   17  123   92 
   74  305   68  341  165  116   35  119  111   89   48   62    0  134  308 
  642  169  134  115  199   26   20   47  123   88  139   40   33    0  259 
  263  833  379  323  115   91  118  126   79  159  191  101   65  112    0 
    0  266 1124  296  409   62  182   61  122  122   35   21   21   89   77 
  839    0 1019  866  358  100   47   16   58   90   50   69   68   48   81 
  140  479    0  186  443  120  123   15  143   26   20  120   73   62   79 
  291  661  768    0  421  108  147   58   68   43   28  113   24   88   55 
  115  298  234  784    0  115   34    8  207   30   54   53   51   16   91 
  132  143 1040  539  136    0   44   21  215  106   57  144   32   59   14 
  565  892  242  789  205   21    0   55   28   55   37   73   78   71   59 
  922  658  196  954  298   37   85    0  204   56   60  171   90   13   16 
  407  276  830  349  252   52  197   41    0  120   33   30   52   87   12 
  655  119  228  463  391   50  183   16   38    0   42   81  100   74   26 
  784  409  180  208   89   18   47   47  145   23    0  175   91   11   88 
  160  256  413  384  526   29  187   42  142   92   32    0   13   34   48 
  507  353 1161  319  419  108   25   49   74   43   10   42    0   42   23 
  344  841  533  948  102   51  178   66   62   25   50   41   62    0   73 
  150  123  684  530  242   45   99    7  124   17   80   20   82   57    0 
    0 1248  953 1023  129   30   22   44  195   44  142   24   37   34   37 
  184    0  256  338  164   61   89  104  217   13  170   20   40  162   10 
  229  408    0  870  226   55   83   45  232   11  168   27   36   92   24 
  249  676 1160    0  496   20   68   49   35   35   47   37   16   83   25 
  207  203  501  763    0   58  141   31  124   31  100   33   43   23   49 
   98 1374  306  486  410    0   54   60   44   21  158   26   54  133   52 
  129  364 1037  373  438   13    0   16  242   31   28   40   26  126   27 
  233  251  157  355  161   31  124    0   67   53  163   47   53   73   45 
  266 1254  736  469  336   17  148   93    0   15  107   32   54  123   21 
  138  253  792  982   93   18  126   36  238    0   40   50   26   60    9 
  135  483  448  537  428   22   64   63  181   28    0   36   24   94   43 
  193 1273  321  202  363   64   29   39  134   28   65    0   27   43   28 
  136  267  225  583  451   59  133  102  110    9   92   20    0  100   48 
   68 1343 1085  244  455   43   31   76   76   51  190    9   24    0   35 
  179  750  234  325  178   13  157   44  107   40  125   45   42   70    0 
  892  674  793  897  689  612  754  988  802  512  783  983  685  821  943 
