   15 
   10 
    10 
    0  154 1086  678  240   37   52  106  233   99   55   73   88   36   79 
  801    0  915  150  396   62   39   47   66   51  113   84  161   62   69 
  442  462    0  510   74   59   30   56   54  141  116   87  140   24   31 
  451  104  857    0   97  107   16   80   26   24  117   79   41  155   70 
  872  345 1060  652    0   82   39   37   71   44  161  144  136   68   30 
  530  427  413  153  333    0   30   14   34   71  181  194   93   41   14 
  841  117  402  844  159   43    0  115  196   18  216   79   67  180   77 
  360  191  440  497  162  127   48    0  195   52   69   29  117   26   82 
  502  324  674  501   84   22   53   96    0  132  138  117  103  196   80 
  453  367  193  372  348   84   40  107  119    0  189   85  177  163   20 
  438  166  560  471  159  167   29   76   51   94    0  108  112   65   11 
  964  192  579  634  285  137   36   61  153  116  173    0   47  111   87 
  213  454  477  346   95   39   22   17  238   36   65  115    0  141   20 
  653  341  428  344  247   59   51   92  126   33   41  124  130    0   59 
  331   64  468  495  373  105   15   94  142   75   98   54  108  137    0 
    0  111  339  737  580  100  106  158   27  163   18   64  155  119   69 
  339    0  430  509  209   39  109  111  116   78   26   68  156   52   31 
  394  246    0  572  313   95   36  152   34   28   32  135  122   30   80 
  377  354  338    0  610  116   70   29   82   42    6  122  106   41   18 
  375  121  352  815    0   21   56   89   17  188   36  128  134  102   48 
  363  294  448  636  357    0   29   45  126   60   29   55   95   62   24 
  749  430  233  442  279  123    0   83   15   77   25  127   23   70   85 
  657  447  393  718  235   36   44    0   51   38   47   45   52  110   73 
  370  122  150  321  199  140   12   71    0   74   35   86  109   64   26 
   83  130 1180  797  587  106   97  210  102    0   31  152  112   73   76 
  644  334  964  126  407   37   95   42   23   89    0   94   68   81   70 
  537  312  479  739  455  136  102   86  104  149   15    0   86   52   47 
  425  280  742  617  412   68   72  148  123  117   24  105    0   19   18 
   87  237  487  492  566   20   44   56  102  160   44   16  151    0   88 
  478  429  842  859  363   56  101  151   99  150   40   35  146  113    0 
    0  172  579  842  465   62   58   38  171   50   41   32  113   28  146 
  303    0  286  270  775  177  124   30   63   15   37   46  108   61  146 
  431  327    0  751  651  132  175   40  153   30   71   94  209   41  201 
  218  100  524    0  796  141  186   12   33   52  289   47   95   78  150 
  294  414  113  532    0   31  176   73   60   17   68   24  146   34  116  
  168  497  192  300  293    0   90   68  135   37  103   67   98   48  132 
  152  338  324  278  575   81    0   24   23   23  129   96   71   81  112 
  109  190  170  211  764  207  155    0  102   11   65   48  191   18  151 
  464  142  587  525  568  209   21   10    0   47  159   49  145   24   28 
  214  338  360  702  810   40   63   89  113    0  262   75  162   33   45 
  401   94  203  206  417  152  156    9   79   29    0   21  212   31  196 
  318  339  342  751  117  166   36   36  119   52  206    0  193   41  165 
  511  493  438  801  595   73   69   43  145   21  139   52    0   50  154 
  352  359  271  648  959  177  180   73  224   24  119   45   36    0  148 
  366  234  555  697  400   80   37   43  177   15  231  113   28   54    0 
    0  117   93   56   42   37  416  281  826  454   82   70   90   26  137 
  140    0  188   69   56  132  323  205  422  417  191   88   34   52  133 
   31   52    0   21  160   49 1042  334  649  642  149   98   16   35  149 
  124  130   91    0  182  200  807  123 1050  205  149   66   58   16   25 
  125   20   51  172    0  151  650  612  143  461  147   26   99   64   38 
  152  156  136   33   48    0  165  212  974  145  112   94   78   12   20 
   55  109  137  117   66   33    0  494  318  683  144   90  122   41   89 
  157  142  138  115  217  141  597    0  522  561  146  127   88   33  123 
  141  158   52   18  197  115  164  453    0  190   78   62   52   80  127 
  177  173   65   89  213   80  708  431  891    0  118  120   13  101   35 
  154  136  101  156  132  191  996  540  428  190    0  128   50   26  152 
   76   77   61   23   93   56 1228  414  382   94  139    0   23  105  108 
   45  107   38  130  187   34  449  593  730  552  172   41    0   67   82 
   59   47   31  164  130  218  158  528  278  102  136   77   60    0   96 
  153   38  120  119   81   34  433  218  469  645   99  111   71   94    0 
    0  118   36  124   60   38  720  266  211  319  176   60   80  137   37 
   58    0   95   64  147   27  887  448   59  270  170  195  217   22   91 
  106  156    0  122   82   17  808 1000  258   90  185  129  103  139   24 
  164   47   27    0   23   39  646  189  139  322  170  176  226   98   66 
  278  107   34   52    0   26  287  321  155  307  211   31  175  130   89 
   70  131   39  165   30    0  859  872   34  238  182   84   81   69   14 
  216  108  241  198   72   18    0  531  253  376  159  140  257   54   18 
  183  114  114  187  160   32  611    0  189  521  108   43  205   48   14 
   54   33   96   93   61   36  792  208    0  402   86   90   57   51   16 
   37  108  250  153  200   17  557 1129  182    0   57  188   33  169   35 
  219   39  101  115   98   41  761  328  211  482    0   71  267  155   17 
  218  181  159  154   87   32  690  988  243  403  104    0   38  102   26 
  145   52  140  102  141   41 1007 1058   44  418  114  181    0  133   75 
  165   67   93   59  121   33  604  391  215  340   59  125  174    0    9 
   93  165  203   56   49   38  902 1088   87  159  246   66  105   82    0 
    0   35   93   80   83  127  858  301  477  415   35  129   16  117  122 
   88    0   42  171   78   78  620  260  675  420   24  217   30  125  189 
   83  109    0  118  184   62  466  426  210  416  107  237   46  143  179 
   12   95   27    0  210  144  626  169  599  392   88   53   53  106   71 
   43  144   46   79    0  112  609  381  578  196   22  223   34   24  160 
   16  153   16  191  123    0  715  267  413  303   36  158   43  158  101 
   93   38   73   78   53  159    0  393  450  258   15  243   27   64  173 
   44  163   90  133  105   78 1271    0 1235   49   64  102   22  145  162 
   57   36  110  215   55  169 1381  227    0  431   69   39   11   24   53 
   43  155  100   63   60  149  460  107  206    0   86  221   47  128  119 
   39  132  118  179   32   53  877  108  728  427    0   38   47  144  181 
   43  136   57  139  146   65  215  202 1123  132  111    0   24   80  110 
   22  137   36   21  156   27 1464  265  291  465   75  230    0   45  167 
   96   84   53  142  158   43  399  465  822  419   83   92   52    0   82 
   19   56  113   97   73   30  216  189 1123  371   35  154    8   52    0 
    0   73  159   50  175   20  167   99   74   11  427  100  188  775  589 
   68    0  158   34  160   26   33   89   52   44  503  200  361  142  488 
   38   57    0   12  149   36   77   64   28   56  160  225  564  851  465 
  168   65  141    0   96   40  153   32   28   76  941  319  770  733  335 
  128  101  142   18    0    5  179   95  133   34  906  115  943  322  270 
   36   24  208   28  114    0  137  103  119   38  185  126  708  738  269 
  134  133  116   15  142   33    0  102   33   71  167  305  390  200  109 
   84  145   32   26  109   21  194    0  109   29  769  226  190  590  169 
  128   32  106   53   78   37   27  104    0   28  551  289 1062  697  297 
  155  129  123   14  192   23   36   42  185    0  585  305 1018  229  183 
  122  136  116   41  123   24  110   64  124  101    0  135  162  371  464 
  167   56  180   22  113   30  137   54  177   38  359    0  144  578  264 
   25  140   71   19   45   26  191   97  134   51  200  235    0  189  401 
  134  151   27   51   80   45  117   37  101   96  463  300 1086    0  202 
   35  167  174   38  196   17  155   71  110   50  524  333 1223  146    0 
    0  106   28   93   68  185  120   92   27  135  121  119  244  273  761 
   97    0  102   19   78  149   64   22   53   51  320  368  208  732  426 
  272   62    0   66   19  184  140   73  101   48  225  266  625  371  467 
  136   75  120    0   90  151  124  108  133  140  311  419  649  400  332 
   41  129  100   63    0  129  170   80  145   88  121  106  200  720  344 
  173   99  132   63   95    0   98   21  126  197   90  104  601  560  148 
  214   87   98   90   77   70    0   28   23   21  241  336  647 1004 1323 
  126   41  104   83   94   45   54    0   69  168  199  340  417  207 1017 
   57   77   25   96   83   33   82  109    0  109  234  281  128  815  158 
  149   72   60   56   67   30   70   85   44    0  146  264  360  993 1295 
   77   56   92   28   36  103  127   50   89   56    0  387  420  675  349 
  185   39   43   43   62   68  170   53  104   39  116    0  366  517  274 
  128   68  132   35   61  178  161   78   88   26  303  360    0  632  726 
  149  104   31   86   71   64  161   27  150  120  101  203  437    0 1137 
  111   44  141   38  101   69   35  101   24   43  305  356  519  255    0 
    0   29  102   19  133   21   78   24   55   30  327  532  117  169  337 
   56    0   66   32   72  126   45   33   17   27  395 1107  308  173  664 
   32  112    0   51  168   56   39   17   54   99  355  898  402  185  386 
   46  100  127    0  119   46   69   37   10   68  689 1028  411  328  319 
   68   12   84   55    0   16   67   21   38   11  201  291  309  270  351 
   18   99   59   82  192    0   71   72   15  102  380  205  465  288  600 
   56   46  256   14  188   18    0   38   36   32  755  441  404  362  541 
   54   68  196   60   97   60   55    0   33   81  615  688  420  243  475 
   70   79  148   80   25  141   91   60    0   39  243  545  179  279  221 
   60  118  168   45  111   50   20   58   59    0  753  262  331  110  844 
   49   68  106   88  168   31   94   61   47   52    0 1001  283  321  695 
   26   31   30   68   94   19   50   22   57  101  298    0  357  239  659 
   37  101  120   59  161  127   74   24   15   88  717 1064    0   53  658 
   22  103   28   88  117   76   91   15   49   55  911  933  363    0  341 
   51   90  137   48  201   67   56   43   66   12  303 1222  489  190    0 
    0   19  133   47   39   58   67   53   19   24  891  431  242  365  218 
  140    0  144   36   32   41   36   64   29   18  893 1126  159  232   72 
   98   42    0   24   15   22  103   33   28   21  968  983   91  429  258 
   52  181  152    0   52   54   31   77   27   72  842  519  225  809  255 
  140   76  196   46    0   73  120  133   31   72  924 1121  239  616  258 
  134  144  138   56   33    0   84  177   38   30  876  339   89  114  176 
  214   78  124   15   30   71    0  129   56   23  517  579   54  581  268 
  100  165   23   57   52   67  117    0   51   18  399  558  247  868   57 
  123  111  186   39   38   41  114   43    0   49  636  410  281  455  264 
  216  174   55   19   40   72  102  118   45    0  421  385  207  134  298 
  118   24   44   45   47   20   95  175   55   26    0  900  251  664  240 
  191   68  202   33   33   57  138   26   25    8  440    0  214  921   45 
  136   91  175   27   54   74  142   25   52   55  996  370    0  156   89 
  160   96   59   18   16   19  130  154   33   44  544  559   45    0  200 
  151   80  191   38   18   20   38   57    9   73  931  604  130  759    0 
  775  701  732  836  900  666  861  645  527  878  556  855  995  826  580 
  