6 
10 
10 
      0    444     69    271    514    225 
     32      0    353    376   2420    538 
    142    148      0    254   1656    324 
    102    430     74      0   1588    197 
    108    428    228    333      0    281 
     47    262    506    175   1456      0 
      0    105    494    128    957    536 
    151      0    405    236   1834    225 
    449    145      0    506    632    104 
    296    503    412      0    274    694 
    116    192    503     64      0    465 
    469    317    330    297   2146      0 
      0   1377    155    241    246    562 
    312      0    304    261    122    466 
    446   1350      0     47     74    356 
    139    897    149      0     38    369 
    183   2684     90    262      0    195 
    301   1630    391    237     98      0 
      0    330    525   1238     91     44 
    428      0    388    674    155    180 
    275    342      0   1615    111    102 
    392    412    169      0     25    148 
    233    397    626   3053      0    178 
    390    565    272    443    179      0 
      0    584   1152    298    122    384 
    156      0   1932    306    276    343 
    332    290      0    222    369    358 
    246     66   1956      0    271    113 
    111    387    837    390      0    188 
    260     87   1508    194    246      0 
      0    483   1024    601     81    606 
    250      0    357    572    337    584 
    637    172      0    486    634    241 
    747    272    231      0    118    442 
    140    390    653   1007      0    298 
    323    207   1390    578    119      0 
      0    407     68     35     63    127 
   1630      0     72    144    368    180 
   2021    334      0    219    423    279 
   1675    145    160      0    420    560 
    670    309     88    168      0    651 
   2272    201     89     22    182      0 
      0    499   1225    161    360    101 
    358      0   1551    190    362    105 
    687    541      0    239    215    362 
    176    226    671      0    254     49 
    372    552    494    183      0    248 
    542    306   2579     42    331      0 
      0    571    139   1398    274    218 
    249      0    478   1813    291    139 
    314    298      0   2167    384     62 
     75    194    213      0    209    165 
    300    328    132    913      0     89 
    413     63    365   1350    381      0 
      0    237    335    631     79    213 
    549      0    306   2418    136    507 
    196     76      0   1476    243    238 
    300    435     77      0    225    436 
    265     89    381   1800      0    237 
    241     96    419   1144    196      0 
    963    977    535    612    769    933 