6 
10 
10 
      0    616    166     47    342    524 
    289      0     48    105     81     94 
    107   2246      0     91    442    200 
    304   3680     26      0     94    371 
    205   1723    105    103      0    421 
    381    930     82     30    128      0 
      0   1803    197    523    260    416 
    272      0    646    519    380    268 
    233    394      0    516    642    130 
    520    577    815      0    772    316 
    202    641    246    204      0    327 
    477    704    474    321    185      0 
      0    445    279    103    377   2484 
     94      0    350    363    177   2038  
    276    131      0     88    605   1916 
    246    556    402      0    186    369 
    191    272     82    289      0    677 
    382    154     71    218    163      0 
      0    241    160    181    311    682 
    330      0    120    154    294   2012 
    459    232      0    159    155   1214 
    285    288    189      0    451   2740 
    268    547    162     29      0   1354 
    180    117     66    172    432      0 
      0     65    420   1722    144    239 
    158      0    458   1938    154    352 
    326    209      0    775    372    368 
    175    100    474      0    525    235 
    435    294    132   1782      0     70 
    332    434    295    740    261      0 
      0    163    120   1596    124     44 
    209      0    231   2242    282    128 
    110    179      0   1012    286    188 
    514    153     65      0    328    184 
    373     68    248   2744      0     93 
    109     98     33   1841    219      0 
      0    563     58    300    294    434 
    355      0    210    757     54    199 
    282   1627      0    333    185    406 
    377    942    224      0     41    285 
    618   1506    101    848      0    158 
    694   1787     78    145    122      0 
      0   2224    302    131    571    260 
    469      0    246    179     85    200 
    151    823      0     87    203    274 
    943   1308    129      0    433    171 
    671   1438    104    123      0    169 
    281   1135     84    102    686      0 
      0    286    326   1576    409    275 
   1282      0    210    384    257    307 
    338     50      0   1181    373    236 
    538    305    261      0    333    115 
    847    144    109    403      0    344 
    890    184    263   1364    391      0 
      0   1516    239   1270     86    273 
    155      0    686    361    206    377 
    726    650      0   1143    217    354 
    317    245    132      0    214    136 
    209    451    121    754      0    314 
    821    672    163    987    187      0 
    598    531    826    630    848    653 