6 
10 
10 
      0   1357    199    138    250    362 
    564      0    610    457    113    305 
    311    810      0    567    131    270 
    318    731    292      0    309    286 
    614    707    395    253      0    353 
    373   1554    878    430     44      0 
      0   1115    107    196    452    296 
    112      0    523    248    744    301 
    172   1093      0    334    138    156 
     49   2018    677      0    183    647 
    143    448    399    181      0    297 
    148   1520    402    260    625      0 
      0    382    143    350    178   1108 
    393      0    283    259    179   2599 
    593    418      0    200    194    774 
    146    153     66      0    148   2450 
    241    450    100    263      0   1086 
    229     80    178    204    135      0 
      0    392    725    331    480    721
    243      0    205    330    254   1325 
     96    223      0    187    285   2120 
    760     62     83      0    304    543 
    316    337    222     87      0   1578 
    631    345    105    259    434      0 
      0     40    335   1285    144    149 
    423      0    107    807    262    190 
    523     86      0   1934    354     90 
    163     86    294      0    144    203 
    148    119    387   2228      0    218 
    340    133    269   2306    214      0 
    0  110  437 2470  446  511 
  250    0  334 1092  178  441 
  217  170    0  662  303  199 
   64  291   73    0  387  449 
  211  184  126  424    0  191 
  145   78   49 3117  375    0 
    0  102  388  159  241  388 
  722    0  387 1228  937  404 
  709  171    0 1024  535  110 
  181  244  771    0  768  118 
  102  205  677  166    0  301 
  771  239  381  912  639    0 
    0  115  452 1722  205  250 
  336    0  369 1191  334  200 
  608  153    0 1337  149  348 
  189   80  284    0  370  332 
  239  134  186 1904    0  119 
  172   51  322 1487  343    0 
    0  406  340  385  217 1879 
  367    0  135  112   63 1488 
  267  314    0  439  179  785 
  209  284  394    0  394 2034 
  176  391   72  116    0 1172 
  149  251  402  427  135    0 
    0  705  252  222  201 1682 
  278    0   82   84   41  380 
  296  679    0  227  308 1713 
  210  131  634    0   38 2021 
  130  400  129  339    0 1677 
  294  200  262  100  270    0 
  991  814  876  880  785  509 