6 
10 
10 
      0    494    541    129    180    191 
    755      0    444    320    285    661 
    225    444      0    141    402    657 
    362    881   1129      0    247    589 
    214    204   1036    215      0    353 
   1029    623    373    238    621      0 
      0    667    870    305    179    293 
    317      0   1680    173    146    688 
    153    262      0    160     88    400 
    337    132    399      0    259    188 
    313    415   2249    178      0    139 
    194    168   1851    241    537      0 
      0   2099    108     87    406    251 
    381      0     20     40     91    220 
    152   1998      0    217    242    194 
    291   1915    118      0    569    251 
    131   2148     19    264      0    150 
    433    633    102     94    357      0 
      0    191    412    856    134    441 
     93      0    196   2716    127    150 
    419    340      0   1911    159     98 
    597    775    421      0    117     91 
    565    601    113    337      0    625 
    300    234    256    437    268      0 
      0    447    540   2362     81    437 
     67      0    341   1932    259    138 
    134    118      0    569     61    278 
     49    505    161      0    357     99 
    121    273    124   1773      0    431 
    186    252    321   1236    330      0 
      0    323   1781    260    519     80 
    275      0   1938    169    379    192 
    620    199      0    120    125     71 
    223    220    687      0    432    180 
    512    188    661     41      0    144 
    529     92   2329    202    494      0 
      0    171    198    425    106    180 
   1692      0     98    361    155     98 
   1660    247      0    291    182    225 
   1891    261    321      0    323    289 
   1912    111    226    309      0     69 
   1077    234    222    219    426      0 
      0    292    644    386    872    260 
    180      0   1510    269    174    684 
    218    191      0     97    324    464 
    226    459    839      0    184    413 
    318    747   1121    246      0    267 
     48    277   1621    163    489      0 
      0    891    667    164    738    330 
    159      0    757     39    139    435 
    206   1225      0    154    431    548 
     85   2027    276      0    397    138 
     56    263    200    127      0    409 
    211   1759    229    248    674      0 
      0    912    114    352    393    294 
    122      0    118    227     58     84 
    204   2414      0    302     86     68 
    206   2294     46      0    235     76 
     87   1174    203    103      0    340 
    136   2525    123    210    478      0 
    586    944    917    504    651    526 