6 
10 
10 
      0     86    233    270   2395    150 
    102      0    213    166    397    137 
    292    450      0    163   2032    181 
    217    232    178      0   2593    305 
     76    458    102    226      0    337 
    179    349    233    150   1078      0 
      0    219    225    204   1775    688 
    176      0    335    395   1198    588 
    675    230      0    236   1400     88 
     95    216    297      0   1414    269 
    832    196    184    130      0    691 
    285    171    294    264    212      0 
      0   1867    153    193    377    603 
    228      0    134    190    214    430 
     60   1341      0    245    302    271 
     76   2283     47      0    132    607 
    209    636    248    247      0    302 
    124   1963    363     30    110      0 
      0   1523    201    112    137    131 
    102      0    398     50     76    130 
    162    837      0     54    220    225 
    176   1402    272      0    298    540 
     92   2090    779    192      0    514 
    125   2269    303    301    272      0 
      0    210   1583    671    551    177 
    724      0    763    465    391    150 
    613    182      0    165    306     81 
     99    248   1645      0    405     91 
    470    289    425    579      0     87 
    117    140   1560    550    244      0 
      0    234    961    443    444    124 
    434      0   1067    219    432    203 
    228    388      0    381    337    295 
    171    346   3094      0    306    103 
    492    338    757    290      0     63 
    428    202    912     93    196      0 
      0    348    504    148   3381    333 
    403      0    187    102   1409    249 
    242    317      0     73    519    163 
    203    155    187      0   1260    369 
    194    251    166    275      0    434 
    124    178    710    115    980      0 
      0    458    419    862   1152    265 
    317      0    226    601    288    598 
    468    369      0    468    738    195 
    160    340    274      0    698    803 
    112    231    433    212      0    248 
    589    116    268    539   1535      0 
      0    987    162   1790    265     97 
    125      0     25   1643    130    317 
     32    515      0   1379    101     58 
    105   1086     74      0    135    205 
     35   1314     25    796      0    150 
     29   1270     67    873    190      0 
      0   1761    256    294    123    264 
    296      0    292    229    225    323 
     73    876      0    738    222    101 
    247    691    281      0    178    275 
    150    362    237   1523      0    168 
    134   1753    328   1481    100      0 
    517    937    779    838    875    889 