6
5
5
      0    494    541    129    180    191
    755      0    444    320    285    661
    225    444      0    141    402    657
    362    881   1129      0    247    589
    214    204   1036    215      0    353
   1029    623    373    238    621      0
      0    667    870    305    179    293
    317      0   1680    173    146    688
    153    262      0    160     88    400
    337    132    399      0    259    188
    313    415   2249    178      0    139
    194    168   1851    241    537      0
      0   2099    108     87    406    251
    381      0     20     40     91    220
    152   1998      0    217    242    194
    291   1915    118      0    569    251
    131   2148     19    264      0    150
    433    633    102     94    357      0
      0    191    412    856    134    441
     93      0    196   2716    127    150
    419    340      0   1911    159     98
    597    775    421      0    117     91
    565    601    113    337      0    625
    300    234    256    437    268      0
      0    447    540   2362     81    437
     67      0    341   1932    259    138
    134    118      0    569     61    278
     49    505    161      0    357     99
    121    273    124   1773      0    431
    186    252    321   1236    330      0
    586    944    917    504    651    526
