6
5
5
      0   1357    199    138    250    362
    564      0    610    457    113    305
    311    810      0    567    131    270
    318    731    292      0    309    286
    614    707    395    253      0    353
    373   1554    878    430     44      0
      0   1115    107    196    452    296
    112      0    523    248    744    301
    172   1093      0    334    138    156
     49   2018    677      0    183    647
    143    448    399    181      0    297
    148   1520    402    260    625      0
      0    382    143    350    178   1108
    393      0    283    259    179   2599
    593    418      0    200    194    774
    146    153     66      0    148   2450
    241    450    100    263      0   1086
    229     80    178    204    135      0
      0    392    725    331    480    721
    243      0    205    330    254   1325
     96    223      0    187    285   2120
    760     62     83      0    304    543
    316    337    222     87      0   1578
    631    345    105    259    434      0
      0     40    335   1285    144    149
    423      0    107    807    262    190
    523     86      0   1934    354     90
    163     86    294      0    144    203
    148    119    387   2228      0    218
    340    133    269   2306    214      0
  991  814  876  880  785  509
