6
5
5
      0    444     69    271    514    225
     32      0    353    376   2420    538
    142    148      0    254   1656    324
    102    430     74      0   1588    197
    108    428    228    333      0    281
     47    262    506    175   1456      0
      0    105    494    128    957    536
    151      0    405    236   1834    225
    449    145      0    506    632    104
    296    503    412      0    274    694
    116    192    503     64      0    465
    469    317    330    297   2146      0
      0   1377    155    241    246    562
    312      0    304    261    122    466
    446   1350      0     47     74    356
    139    897    149      0     38    369
    183   2684     90    262      0    195
    301   1630    391    237     98      0
      0    330    525   1238     91     44
    428      0    388    674    155    180
    275    342      0   1615    111    102
    392    412    169      0     25    148
    233    397    626   3053      0    178
    390    565    272    443    179      0
      0    584   1152    298    122    384
    156      0   1932    306    276    343
    332    290      0    222    369    358
    246     66   1956      0    271    113
    111    387    837    390      0    188
    260     87   1508    194    246      0
    963    977    535    612    769    933

