   30 
   10 
    10  
    0   44    2    2   23    5   27    2   40   23   29   22    9    8   19    9   22    6   34   10   44   22  164  116  129   89   96   42  147   32 
   23    0    4    9   17   34   12    8    7   32   19    5   11   23    8   18   24   16   19   32   11   47  114   28  141   21  103   63   38   45 
    8   16    0    2   10   17    6   11   25   15   27    9   14   15    9   19   17    4   18   15   50   66  139  214   37  107   81  158   80   90 
   24   31    8    0   27    8   30   11    5    5   24    3    8   34    9    7   23   29   13   33   82   70   30  144   86   44   89   30   24   49 
   16   35    4    7    0   24   22    5   15   22   10    6   25   37   14   18   26   32   35   30   13   41  100  159   33   40  172  143   36   23 
   31   30    2    5    9    0    6   12   16   18   24    9   17   35   14   12   12   13   28   37   50    9   43   59  102  128   53   56   23   71 
    4   38    9    5   23   35    0    5   36   27   32    6    3   12   19   12   18   26   33   18   81   60  158   26  112   21   61   31  158   38 
   19   21    6    2   20   39   18    0   16    4    7   19   23   15   19   13   24   30   33   31   21   58  180  158   46   65  128   62   60  118 
   15   18    2    8   21   14   29    4    0    9   24    6   10   19   14   19   27   19   12    4   94   45  124   41  129  101   75   31  136   45 
   25   41    7    2   25   40   25    6   23    0   20    3    8   31   16   17   21   12    9   21   37   35  159   66   78  103  169   63   31  100 
   11   15    7    6    3   11   11    9   13    9    0    3   21   13   20    4   20   31   24    5   39   59  168   30  108   81  163  114  124  115 
    6   37    2    2   22   25   16   11   19   33   28    0    3   13   17    8    7   11    9   13   47   61   63  161   65   67  170   53  127   92 
   32   42    6   10   11   33   13    4   38   32   36   24    0    3   17    6    8   30   24   31   15   36   29  199  141   97   58  106   22   42 
    9    9    2    8   11   37   25    7   21   24   22    6   12    0   18   19   27   26   34   17   15   69  163   64  112   45  142  136  166   46 
    9    9    7    8    5   15    3   12    6   34   33   21   13   22    0    5   19   19    9   22   98   61  156   63  143   91  130   39   80   84 
    5   13    6    1   17   11    7    7   42   21   29   25   21   25    8    0   23   18    8   19   62   15   18  168   69   18   45  141   83   60 
   20   15    5    2    9   34   27   11   30   21   11   14    4   22    8    2    0    5   17   20   35   65   55   42   73   35  171   97   85  116 
   16   16   10    3   16   14    3   13   12    4   34   18   25   11   20   17   22    0   12    5   37   62  178  152   76   27   97   81  120  106 
   15    6    8    6    5    8   10    2   35   27   24    7   20    7   15   18   23   26    0   20   61   59  158   32   57   49   41   98   77   96 
   33   22    7    5   16    8   14   10   15   34   27   17   18   26   18   21   29   10   12    0   56   69  142  196  122   46   73   84  132   66 
   28   41    2    7    9   20    6   13   13    9   21   18   20   22   15   19   10    8   32   18    0   71  152  144   19   61  169  127   30   82 
    3   28   10    4   22   29    7   11   21   14   10   18    9   22   22   13   17    4    6    8   16    0  106  211  117   73   95  135   18   99 
   32    8    5    4   10   29   18    5   23   22   30   23   14    4   16   15   10   17   36   36   55   65    0  159   72  100  141   94  118  108 
    9   16    2    2   19   14   12    3   18   24   26   15   22    3   19   13   26   13   30   20   70   15  134    0  115   32   57  117  159  118 
   28   38    7    3   10   25    9    3   44   26   17   17   15   21   21   21   10   19   39   34   82   34   96  134    0   86   97   59   99  113 
    6   37    9   10    7   37   21    8   36   25    3   24   23   22   14    7   13   20   18   26   42   56  180  192   78    0   37  158  150  102 
   37   37    9    3   16   39   21    3   44    4   18   23   12   32    6    2    8   18   36   18   54   72  165  154   51   66    0   47   28   64 
    7   33   10    4    8   25   24   10   19   27    8    8   17   12   14   14    7   25   20   16   64   64  173   51  106  118  162    0  112   73 
   28   14    2    8   21    7   29    9   15   13    5   20    5   18    5   21   28    9    5   10   78   12   47  178   40   87  166   88    0   85 
   10   23    1    1   16    5   16    1   12   16   21    7   15   26    3    6   11   34   28   20   61   68   81   40  113   86  170   52  161    0 
    0    8    9   59   24    9   45   17   15   60   15   37   21   24    5   14   40   15   63    5   68   72   60   23  157  241   77   19   17  131 
   30    0    9   17   19    8   61   25    6   55    9   36   22   30    8   13   37    8   53   13   64   56   78   29  167  134   25   73   65   84 
   18   12    0   24   43   12   44   23    9   48    7   22   53    7   25   11   19    8   21    8   94   45   90  112  165  184   85   45   28  116 
   26    6   17    0   26   15   13   13    9   42    5    9   40   28    2    4   29   24   42   16   46   63   31   16   55  106   92   23   26   69 
   34    3   17   26    0   11   37   32   18   51    2   10    8   29    6   10    5   15   41    3   84   11  113  103  185   37  114   29   66   79 
   22    2   14   38   16    0   19   20    3   52   20   28   21   17    4    4   14   19   22   18   87   69   33   90  189  259   14   47   58   67 
   32   23    6   54   20    3    0   23   10   27    8   16   37   23    4   13    8    6   59    6   49   57  141   97   35  216   49   60   26   49 
   19   19   19   47    5   10   19    0    3   29   19   15    9    6   19    9   19   15   40    7   76   41  115  111  153  105   96   81   38   80 
   21   13    9   37   25   11   14   17    0   60   17   17   14   22    9    6   28   19   17    2   40   36  175   23  147   45   85   68   49  116 
   36   11   19    8   39   12   61   18   11    0   16   43   48   15   18    2   28   12   10    6   97   38   92  107  111  238   51   29   43   20 
    8    6    6   25   20   19   36   11    5   43    0   14   28   15   11    4   49   14   46   10   24   41   91   61  186  104   31   11   57   67 
    7   13   17   33   17    2   16   23   16   10    4    0   10   33   23   13   12   22   59    6   12   67   32   88   35  272  106   29   48   96 
   24   21   18   36   13    8   24    8   11   25    4   41    0   14   16    6   31    3   12    5   60   28   79   33   93  299   88   46   37  104 
   32    9   11   46    9   10   64    8    6   52   12   27   63    0   24    4   23   14   42   12   42   64  110   18   31   66   35   46   24   97 
   36   19    2   53    9   21   41    9    4   45   11   18   43   15    0    6    9   10   63    5   27   42   35   92   88  234   93   83   60   87 
   26    7   16   17   29   23    8   22   12   20   13   16   60    5   17    0   31    5   57   10   21   32   27   70   40  293   79   75   47   55 
   34   13   10   30   37    3   51    6   19   28    9   16   14   10    5   12    0   25   15    3   76   21   18   27  100  179   34   27   67   18 
   21   17   18   56   46   17   14   33   13   28   19   26   63   20   11    8   44    0   30   16   33   70   36   42  188  240  108   14   52  100 
    5   23   13   15   29    2   42   11   10   55    8   35   40   10   12    6   40   24    0   14   24   43  166   34   91   67   82   12   10   14 
   16   16   19   17   12   14   33   29    7   14   14   41   42   23   24   13   39   20   14    0   65   58   31   29  159  115   79   28   65   58 
   22    3   17    9   39   12   50   27   18   34   11   30   50   21   16    7   23    4   56   14    0   54   60  113  135  291   12   80   32   41 
   28   23    5   38   18    5   64   30   18    8   21   21   27   19    3   12   22   21   45   17   64    0  151  104   99  281   33   60   25   39 
   31    5   17   31    5   20   19   33    7   43    2   39   60   11   25   11   43   20   11   11   66   84    0   70  108  145   12    9   57   36 
   32    3   17   61   28   22   49   20    3   51    9   15   50   24    3    9    6   21   46    6   85   43  167    0   68  275   46   45   44   52 
   28    7   10   56   16    2   53   17   17   30    7   35   41    8    9    3   19    4   63    4   19   19  113  109    0  177   92   58   62   23 
   26   16    8   35   14    7   51   25    4   53    2    7   32   33    6    7   50   18   47    8   47   13   97  102   59    0   39   34   68  101 
   15   20    4   36   34   12   53   32    9   20   15   10   16   16    3   13   48   23   45   10  101   40  153   51  147  196    0   40   16   39 
   31   10   13   39    8   11   36   21   11   46   16   22   43   15   21    5   18   17   15    4   66   87   20   11   68   53   92    0   48  131 
    7    4   17   19   44   12   34   23   15   10    8   16   26   24    6    8   51    6   30   16   99   81  177   22   82   31  102   47    0  110 
   34   13    9   49   18   21   10    5    9   48    6    9   32   33    4    6   10   13   58   15   65   46   72   63   47  181   65   65   62    0 
    0   12   25   20   25   11    6    8   22   43   11    5   10   12    2   19   18   10    6    9   28   27  102   17  182   77  120  238   65  249 
   19    0   22    5   12   15   21    8   15   14   23   12    3   10   12   16   11   13   24    9   15  156   52   73   30   79  198  157   19  158 
    3    2    0   13   29    6   23    8    7   37   21    5    2   14    7   14   18    4   27   34   28   81   82   16   92   27  119  105   64   87 
    6    8   26    0   14    8    7    5   12   18    7    5    8   19    6   25   28   12   22   29   38  117   77   98  200  109  188  196   21   33 
    2    2   32    3    0   17   16    9    3   32   22    3    7   17    1   26   31    3   13    7   59  161   75   49  111  121  103  123   37  138 
    3   11    8    4   44    0   10    1   24   20   20    7    5   13   10    5    7    4   20   12   40   23   57   68  193   26   37  241   45  110 
   13    2   12    8    5   11    0    6    6   15    5    1    7   20    9   11   23    9    3    8   65   16   35   95   28  132  231   56   29   59 
   21    2   18    9   42   18   28    0    4   15   11    5   12   24    5    5   21    3   21   29   21   30   82   31  187   39  199  245   96  226 
    9    9   15   21   43   10   16    1    0   19    6   10    3   16    9   18   21   13   21    6   54  159   36   78   31   36   76  121   33  239 
   15    2   24   20    7   13   31    2    4    0    6    4   11   26    4   23   18    2   19   15   24   99   88   89  178  137  170  148   89  231 
   18    1    5    5   30   21   29    9    8   22    0    7    6   19    7   16   20    9   30   29   26  113   67   42   99   21   48  108   45  133 
    3    4   32   20   29    9    4    5   22    8   24    0    6   23    3   25   32    4   17   18   30   66  108   48  141   80   47  206   97   80 
   11   12   26    2   15    3   25    2    4   24   22   11    0   10    7   18    5    2    5   27   18   86   46   42  104   72  163   34   60   82 
    8    5    6   19   12   15   19    7   24   10   16    8   12    0    9   19   11    8   29   21   14  111   18   21  215   85  196   87   23  148 
    3    7   15   10   25   25   26    2   13   13    5    5    9   23    0   12   28   10   15   16   39   61   51   54  195  122  240  216   77   27 
    6    4   19   19   37    3   31    6   19   10    3   10    9   24    8    0   28   13   26   17   55  105   82   44   46  138   59   34   26   34 
   11   12   31    5   27   10   17    6    5   13   12   11   11   26    2   14    0   12   20   25   10  129   99   55  126   29   40  223   95  185 
   11    2   38    4    8   17   22    8   21   18   11   12   11   23    5    3   20    0   11    4    7   45  103   78  180   61  107   89   44   65 
   16   12   34   19   13   16   31    9   23   39    9    1    3   10    6   20   22   12    0   14   16   93   55   13   49  145  132   50   49  172 
    7   11   36    2    9    7    5    7   10   25   19    6    6   28   11   17    8   10   30    0   12   54   67   34   48  101  170   38   32  248 
    3    7   34    7   32   21   21    3    6   32    7    2   10   35   12   20   25    4    7    4    0  141   86   86   41   88  222   47   89  101 
   22   11    6   18   16   10   25    4   20   34    9   13    1   17    6    3   11    3   19   29   47    0   14   52  152  140   65  117   66  139 
   16   13   11    5   17   25    4    8    3   12   17    3   10   34   10   17   21    4   28    5   51  145    0   96   63   31  101  147   64  207 
    6    5   16   13   36    4   31    9   14   26   20    6    7   35    5   23    5    4   11   10   60  155   55    0  166   17  101  136   70  111 
    2    6   15    5   27   12   26    4   15    7   17   12    2   17    2   10   32    1    5   17   23   25  102   70    0  129   45  181   13  146 
   10    2    5   15    7   26    3    4    8   34    8    9    8   15   10   16    6    8   20    5   66  132   14   29  108    0  127   49   88  243 
    6    5    9   14   28    9   12    7    6   28    4    7    4   17    6   24   32   10   12   26   59  105   20   79   63  134    0   98   64  127 
    8    4   34   16   13    6   15    4    4   35   18    5    6   35   11   10    8   11   14   12   48  144   61   70  111   63  176    0   76  216 
   20   13   16   21    7    6   14    2   21   36    4    4   12   15    8   26   32   12   18   35   12  130   54   94  108   90  199  230    0   32 
    3    7   14    2    5    3   20    6    4   14   21    5    8   27   11   21   27   10   28    5   55   66   96  106  193   91  170  180   23    0 
    0   57  189  164   90   38   87  189   66   40    5   23   23   16   20   12    9   21   13   14    9    9   14   13   14    6   11    3   23   11 
  139    0   86  104   27   60  133   23  109   58    6   20   10   11   11   10   21   10   17    8   11   25    6    9   12   23   13    9   24   34 
  167   12    0  153  113  103  141  104  143   97   31   23   28    9    4   12   16   13   13    7    4   29    7    8   23   27   14   12   15   33 
   88   83  151    0  127   89  139   97   63   84   15   24    8    6   21    4   15   15    8   13    7   21    8   21   25   40   20    8   31   35 
   37   27  184   44    0   57  144  120   69   62   18   17   33   11    4    9   34    5   10    4    2   28   29   11   18    9   19   10    4   18 
  133   43  225  156  155    0   87   21   80   49   34   22   28    4   10   18   38   19   21    5   14    6   17   21   23   29    8    4    8    7 
   92   11  145  153   50   57    0  132   31   19   10   17   21    6   12    3   22    3   11   11   13    6   27   15    3    6   10    4   35    6 
   62   23  183  106   27   58  175    0   96   65    4    7    5   10   21   11    6   12   18   14   18   20   19    4   16    8   10    5   17   22 
   99   25   65  164  116  138  174  181    0   74   29   20   27   14   18   16   15   19   21    2   17   25    4   15   13   29   13    3   11   24 
  142   72  207   69  104   93   94  142   89    0   21   11   33    6   15   18   39   16   28    6   12   29   17   17   22    9    5    2   21   11  
  129   30  131   33   56   99   26   97   52   97    0   26    6   17   20   10    8   15    6    6    4   26   14   12    5   33   16    3   27   44 
   19   41   59   17   27   27  140   38  134   84   36    0   27    8    5   10   25   19   19   11   14    4   21   12    6   29   10    9   12    7 
   81   19   91   65   34   33   35  133  107   28   16   14    0    9   10   17   31    7    8    3   11   24   19   11   12   16    6    9   15   10 
  109   32   69  116   82   29  176   64   35   18    9   10   11    0    3   15   26   20   25    2   13    5   11   17   19   32    2    3   28   43 
  171   41   66   35   55   62  166  148  146   95   36   21   20    2    0   18   33   10   16   15    4    3   11   15   10   35    2    8   19    9 
  154   86   84   38  119   72  101  131   58   33   14   17   12    3   15    0   33   12   16   15    4   22   24   12   30   25   17   13   11   34 
   64   58  161   68   61   43   62  152   58   73   27    3   33   15   20   18    0   12   18    3   13   25   20   15    7    8   15    4   26   42 
   76   60   24  139   54   41   30  161   71   32    8   17   10    4   20    7   17    0    4    5   17   11    8   16   13   31   15    9   26   11 
   32   52   48   49  115  120   59  191   32   26   10   14   12   11    3    2    6   19    0    7    8   10   20   13   19    8   19   12    7   43 
  124   11  208   31  144   29  192   75   88   42   15    7   17   13   17   12   17   19   27    0   15   18   26   18    9    6   14    8   31   22 
  123   81   72  142   21   37  179   23  131  104    8   23   33    7    4   14   15   19   17   12    0   29   24    2   19   31   18   12   12   24 
   84   48  104   49  147  102  164   95   27   71    5   21   28   14   21    9   36    3   13    8   18    0   23   11    6   21    6    7   34   40 
  158   90  220   89   37  117   94  181   95   59   23   20   34   18   15   20   21    6   25   14   12    5    0    4    9    5    4   10   20    7 
   88   36  214   54   91   61  114   76   63   63   33   24    7   15   19    9   37    9   15    3   11   24   19    0   19   22    5    6   13   33 
   46   16   83   43  103   45  177   34  116  102   10   15    9    8    8   17    8   16    5    1    9   30    4   22    0   29   16   12    4   10 
  135   83  183   39  126   54  144   59  126  109   33   18   18    5   20    7    5    2   12    2   12   26    3    5   18    0    9   11   24   19 
  152   43  172  145   77   46   80  138   87  101   29    4   33   18   13   16   19   21    9   12    4   10   11    4   25    8    0   12    6   38 
   97   82   80   61  120   69   54   49  106   67   26   10   15    3    3    9   15    2   16    4   10   20   12    5    9   30   12    0    7   16  
  180   69  173  122   83   73  108   32  141   40    7   24    6   12   18    9   32   17   22    8    8   20   17   18   19   12   16    8    0   18 
  106   81   35   25  155   61  121  129   76   59   24   24   10   11    2   15   17   11    5    8    9   27    9   10   19   23   15    8   11    0 
    0   99   95   65   18  117   28   10   79   28   12   21    4   13    9   11   32   33   20    5    8   20    9    8    1    9   10    7   29    6 
   36    0  119  201   12   73   96   46  175   14   16   23    2    5   10    2   36   25   12   17    4   13    3   24    3   17   10    1   28    9 
   37  126    0  137   59  102  100   28  198  114    5   18   22    4    7    2   41   30   17    7    3    5   15   10    3   32    5    5    5    8 
  134  105  213    0   80   12  163   29   32   71    5   32   10    9    6   11   10   34    5   11   10   15   10   10    3   23    9    7   11    6 
   82  117   25   89    0   84   85   57   63   79   11    9   19   19   18    8   17    4   12    6    8   23   12   19    2   20    3   11   27    8 
   63  134  162  146  100    0   86   12  165   16    4   13   20    2    3    6   40   17   31   17    8   12   16   13    8    8    8    6   14    6 
  190  105  178  189   62   71    0   61   43   56   14    9    4   14    5    8   44   34   23    2   11    5   15   27    4   29    4    6   27    4 
  127   68  223  168   56   67   44    0   33   17    3   18   14   22   13    1   44    4   18   13    9    6   12   12    8   23    6    4   16    5 
  159   83  235  210   41   72  233   40    0   32    2    6   17   13   14   11    9   33   12    8    6   23   17    5    4   29    2    8    3    7 
   84   51   29   66   97   66   87   30  151    0   15   27   16   14   13    1   43   13   34   16    4   24    5   18    1   26    5   10   28    7 
  159  143  158  147   25   72   36   31  223   47    0    6   12   20   12   10   43    7   10   17    4   11    2   19    8   27    1    5   22    5 
   58  114  109   28   42   64  100   21   28   41   13    0    9   17   16    5   28    7   26   13    7    4    9   17    8    7    9   11   17    4 
   82   94  241   77   97   40  155   18   47   27   12    3    0    9    7    1   33   35   26   15    5   25    4   32   11   16    1    8   28    9 
   32   42  192  138   92   42  214   44  177  115    8   10   23    0    9    3   15    6   26   12    1   24   12   50    3   33   10   11   10    1 
   77   51   62   97   76   89  140   24  139   52   10   35    5    6    0    7   40   13   33   10    8   19   16   48    6   30    7    7    9    8 
  159   27  139  108   85  114   89   69   98   84   12   26   10   18   16    0   18   30   23   14    4   21    6   50    1   22    1    3   12    1 
   40  154  119  108   96   73  118   48  200   26   11   16    4   20   10    3    0   21   22   15   11   26   17   39    5   31    7   11   19    8 
  128   61  159   36   79   88   36   38   67   29    1   26    5    8    9    8   46    0    7    4    4   15    3   22    1   19    5    2    4    6 
   84   65   49  110   60   12  193   32  234   23   10   29    7    8    7    1   16   26    0    2    5   21   13   27    3   25    8    4   22    2 
  196  144   96  189   88   34  187   47  112  114    4    4   15    6    9    5   22   18   14    0    8   27   10   31    8   14    3    9   11    1 
   94   48  213  218   80   64   87   58  205   83    8   32   13   11   11    1   12   30    6   16    0   15   11   23   10   31    3    9    6    8 
   46   53  214   87   57   82   87   22   47   65   13   12   19   11    9    7   17   25   31   17    3    0    7   13    3   15   10    8   23    6 
   69  111   51   42   90   92  107   25  204   55    1    4   13   14   10    8    6   18   27   14   11   16    0   37   10   33    4    6   10   10 
   97  124  223  181   60  113  198   49   80   92   12   24   16    3    8   10    7   22    8   12    3   20    2    0    9    5    4    3    7    7 
  137  119   84  215   44   36  171   52  114  137   10   14   22   11   17   10   21    5    3    5   11   13   14   31    0   11    3    8    7    7 
  128   17  108   23  100   38  246   61   96   92   12   23   20    2    8    5   44   19   18    2    7   19   17   24    6    0    2    2   16    8 
   50   99   61   91   49  106  195   62  114  124    3   11    4   13   19    7    9   27   13   18    4   17   10   41    3   26    0    6   16    1 
   62   65   79   75   81  110  100   35  229  116    5   16   19   17   18    4   27   14   30    9    7    7    6   32    9    5    9    0   16    6 
   32  136  110   53   11  116   54   14  154   29   16   11    9   13   14    9    9   36   32   10    4   18    6   27    3    5    8    1    0    1 
   60   41  147  131   90   21  127   74  170  139    9   30   13    5   14    7   36   30   26   13    4   10   16   49    1   33    7    5   13    0 
    0   22  140  163  116   12   57   97  106   26   32   37    9    5   31    1   19    4   42   13    4   10    3    9   14    2    9   42   40   13 
  143    0  121   47  113   45  113   93  100   47   24   21   13   12   29    7   16   18   41    8    7    8    6   15    8   15   29   22    7   13 
   48   53    0  149   75   64  109  166  107    9   29   41   18   24   31    3   22    3   18   17    7   10    7    6    6   20   44    6   26    9 
  166   35  118    0   64   83   17  239   47   11   26   31    9    7   11    6   31   16   23    8    8    5   10   10   17   19   30   31   25   20 
  139  101  104   61    0   62   95   72   18   19   25   19    3   28   34    8   30   34   28    8    8    5   17   33   15   11   31   38   26    9 
  174   58   76   85  106    0   63   39  151   36   33   28   23   14   11   11   30   35   35    3    5    2    6   31   15   16   39   28    5   10 
   49   38   70   82   19   14    0  210  150   12    4    5    9    6   36    4   25   13   30    7    3   13   12   25   18   20   10   41   37   36 
  146   40  138  146   58   96   31    0   87   46   22   21    2   20   27    8   35    5   12    8    6   15    5   17   11   20   36    6   29   34 
   32   82  145  166   29   40  107  100    0   33   14    5   24    9   14    4   10   21   13    6    3   14   10    8   11    2   46    9   30   21 
   27   35   50   78   74   46  124   82  128    0   27   47   18   12   30    3    7   10   12   21    6   10   18   14   18   10   48   44   14   22 
  107  101  126  129   25   77   52  184   61   45    0   40    7   13   32   11   14    3    6    5    4    4   11   31    4    4    6   33   20   39 
  169   97   55  194   49   34   69  118  105   36   19    0    8   33    7    7   20   28   39   10    3    8   12   21    5    5   20   15    6   22 
   30   33   78   80   88   29   77  204   74   33    7   13    0   11   32    4   12   18    8    8    6   14    7   19   12    6    5   27   15   40 
   25   34  146  119   95   53  137  112   23   45   27   13    4    0   27    2   34   10   13   21   11   11    4   15   13   14   16   39   21   26 
  145   69   65   79   43   84  112   90  117   44   12   28    4    9    0   11   11   20   14   10    9   12   18   17    1    4   15   46   26   20 
   92   67  116  152  115   33   41  114  149   24   30   15   10   30   14    0   17   33   25   21    8    6    4   23   15    9   47   24   41    4 
   75  102   61  206   27   29  127  164  153   25   22   26    7   34   31    6    0   10   15    5   13   14    7   32   11   20   32   44   12   20 
  141   53  111   25   41   17   79  195  152   14    8   30   13   25   26    4   25    0   16   20    3    1    8    3    2    5   12    8   33   33 
  101   77  112   58   45  102   56  197   18   35   16   24   13   25   35    8   34   23    0   12   12    4    9   31   13    7   15   14   38   38 
  159   66  132  173   63   21   93  226  116   39    5   34   19    7   28    5   23   21   25    0    2   12   19   17    6   11   42   44   41   18 
  148   93   88   57   83   71   44   92   27   46    6   28   14   32   18   10   21   27   24   17    0    5   12   25   18   15   33   30   34   28 
   44   83   40   98  116   53   43  168  125   33    8   14   15   29   27    8   29   26   14    6   13    0   19   34   16    2   37   22    9   19 
  185   66   51   88  114   81  104   25   51    8    5   17   19   29    8    5   34   11   17   12    6   13    0   12   18    7   18    7   38    9 
  137   82   42   88   53   86  106   27   32   19   17   36   18   13   28   11   19    7   11   16    6    5   14    0    3   15   17   11   17    6 
  164   41   30  139  101   37   69   67  146   38   28   29   16    4   20    9   10   33   33   10   11    4    4   35    0   11    4   11   30   34 
  142  101  119   88   24   17  134  149  137   29    5    9   26   13   12   10   17   34    4    4    9    4    8   20    9    0   39   47   24    7 
   73   54   63  152   12   24  132  141   65   21   14   39    9   18   12    8   31   23    4   18    7    4   14   14    8    3    0   45   35   27 
  137   92  130  187  111   98   30  182   52   40   11   46    8   33   34    4   31   11   17   18    4    8   10   16   18   12   29    0   13   42 
  101  100   72   71   58   59  101  175   97    5   22   29   17   34   33    5    5   16   43    3    1   10   11   14   17   20   31   17    0   40 
  187   20   55  157   71   33   78  170  119   39    7   38   24   27   32    5   18   19   13    3    3   11   13    4    4   10   28   25   38    0 
    0   29    3   50   19   52    8   30   17   40  150  129   19   86   22   39   55   19  149   15    6   20   11    8   31   11   14   51    8   17 
   27    0    3   35   16   14   19   35   14   41  138  196   80   81   56   15  136   42   66   38    9   39   29   17   46   15    5    6    5   17 
    8   61    0    8   16   35   16   50   15   47  181  153   25   88   48   10   44   64   56   42    8   32   13    7   11   29   34   10   31   15 
    9   59    2    0   16   11   13   48   11   20   90   27  110   90   10   47  158   11   71   17    8   15   10   12   46   23    5   46    8    8 
   31   41    7    8    0   13    9   36   47    7  206   76   23   64   33   26   27   29   72   35   10    6   41    2   44   51   22    6    4   11 
   18   41   15   25   24    0   14    5   50   21   33   57  125  103   29   34  200   48  130   31   10   11    9   13   24   23   47    6   29   22 
    9   19    3   14   15   39    0   24   23   11  163  174   74   76   19   63  148   60  104    9   26   35   35   16   35   51   18   26   26   10 
   18   59   12   27    8   13   19    0    9   24  181   50  128   69   76   10   75   30   58   43    9    7   18    4   16   29    8    6   31   22 
    4    6   14   41   14   18    3   44    0   10  204   76   33   52   79   58  119   58   87   27   26   43   32    5    6   55   13   50   16    4 
   15   59   15   37    5    9   19   48   16    0   91  110   93   48   57   16  129   59  101    6   10   45   33    4   46   30   47   31    8    4 
   24   11   14   31    6   20   13   18   24   47    0  174   83   74   24   57   72   11  118   26   30    7   41   14   15   10   39   32   31    9 
   30   27    8   23   13   38   11   40   41   20  118    0   83   83   21   57   54   63  123   28    3   21   26    2    8   53   36   28   28   10 
   17   10   14   28   16    9   18   13   43   19  116  134    0   44   11   63  114   29   50   24   18   41   24    3   18   28   34   18   22   22 
   18   17    6   50    8   42    6   10   16   37  151  191   45    0   51   30  121   28  170    6   26   38   29    2   19   16   15   28    9   12 
    7   20   12   33    8   28   15   36   34   29   98  124   81   48    0   59  170   19  133   31   14   40   23    6   21   59   28   13   31    8 
   25    6   16   46   23    7   14   12   32    7  102  165   51   92   18    0  165   31   70   24   16   44    6   10   17   17    9    5    8   22 
   12    7    2    9   17   21   11   37   12   15  103  110   35  110   68   59    0   28  152   29   26   30    6   16   22   16   50   35   24   14 
   20   32    5   11   21   47   12   41   24   46  160  191   53   63   26   30  180    0  170   18   24    5   11    5   16   58   15   20   31    3 
   30   59   16   44   12   49    9   20   11   34  171   98  124   13   30   41   26   16    0   19   19   39   26    1   38   57   14   35    5    6 
   19   38   10   25    2   50    9    8   31    5  173  173   87   76   28   43  192   22  136    0   21   29   16   16   11   22   37   29   20   23 
   24   38   13    7    9   21   17    9   23   22  194   75  109   82   10   44  166   63   34   26    0   37   31    7   29   60   12   18    5   18 
   14   42   16   24   23   20   20   41   26   32  106   82   63   71   55   62   81   56   37   31   23    0   33    2   46   30   23   15   30   13 
   17   28    7   47   20   42   11   40   19   15   34  144  129   76   54   16  160   68   76   26   24   45    0    2    7   55   16   12   14   16 
   10   15   13   47   13   49   16   47   28   23  167  139   63   51   13   60  145   61   81   46    6   43    6    0   11    7   45   21   10   19 
    7   12    8   49   12   32   12   25   26   20   76   56   61   53   73   46   50   50   58   20   15   19    7   16    0   19   14   20    8   12 
   18   19    9   27   18   11   12   18   43   48  119  174   71   37   11   12   45   40  165   32   21   37   24   10   27    0   41   51    3    3 
   29   32    9   36   22   29   19   10   35   40   75  131  102   52   69   33  199   59   31   30   18   20   30    9   36   45    0   43   12    3 
   12   58    6   13   23   24    7   11    9   28  126  161  105   13   63   19  165   48  109   43   14   27   34    4   39   18   12    0   31   10 
   27   11    6   54   16   38    9   46   14    9   75   37  124   86   12   48  111   11  172   48   10   20   17   15   15   21   36    8    0   24 
   24   57   14   32    9   15    6   21   14   47   27   91   93   82   72   17  122   57  173   47   10    8   10    8   18   16   25   44   27    0 
    0   38   23   19   19    8    3   14   31   12   40   94   22   53   57   95  167  109  176   35   22   13   38   30   16   14   24    9   21   15 
    6    0   11    5   19    8    2    3    7   17   78   32   47   11   41   97  238  178  188   19   19   33    7    6   20    8    4   12   27   10 
    3   26    0    6   11   18   17    2   18    3   62   89  133   36  128   60  206  158   32   31   10    6   40    3   18   24   29   17   53   22 
    1   24   20    0   12    8    6    6   32   13  114   98   68   27  160  106  107  182   73   13   13   30   39   14   20   17   11    9   14   11 
   12   38    3   19    0   18    8    2   22   32   80   49   18   59  161  108  236   45  187    4   24   14    4    3   21    3   10   15   49    4 
    5   10    2   15    2    0    2    1   14   33  123   35   86   22   68   61  168  197   34   30    7   17   29   25    8   27   17   11   16    7 
   11   17    9    5    7    3    0    6   16    5  144   38   19   57   31   34  149  128  203   29    3    5   44   10   39   23   16   20   19    6 
    4    9   12   22    8   15    8    0   29   13   73   41   19   16   83   21   85  189  210    7   24   28   22   24   40   12   27    4   33   16 
    7    6    6   22    3   31    2    6    0   13   90  108  118    9  132   64   84  238  194    5   12    8   31   13   11   18   11   16    7   12 
    7   17    9    5   12   20   12    7   21    0   30   75   20   45   21   42  115  227   43   28   18    8   13    9   25   29   11   14   43    6 
    9    7   22   14   16   30   15    9   23   35    0   61   20    7   66   58  227   75  158   28    5   34   37   28   19   27   27    3    9   12 
   12   13   11   18    8   32   14   10   12   31  126    0  135   60  109   18  143   55  203    6    4   23   34   24    6   19   26   14   24   26 
    3   17   18   15   20    3   17   13   21   33  104   65    0   54   52   67  200  148  180   18   25    9   31   27    8   10   11   12   26   12 
    4   29    3    5    8   31   10    4    9   34  130   75   35    0  125   65  237  225   37    6   15   29   19   20    4   13   15   18   42   27 
    4   13   16   13   21   32   12    9   26   28   54   39   50   34    0   66   28   60   24   14   18   18   30   14   38   22   13   12   19   26 
   10   16   11   23    2   23    4   16   31   21  141  100   87   43  129    0   83  155  200   14   18   20   28   18   15   18   29    9   29   11 
    4   19    8   19   20   11    4    5   34   17   60   86   86   62  132   48    0  236  163   31    5   25   32   21   24    4    6   20    8   11 
    8    4   19   14    4    6    6    6   24    7   99  102   90   30  160   24   58    0  178   17   16    9   40    5   29   18   11    7   18   20 
    8   18   14    6    2   17   16   16   33   20   69   53   44   56   55   69  199  151    0    5   15    8    8   24    9   27   25   10   27   23 
    6   16    7   20   14    3    5    6    8   13   71   83   21   60   71  113   90   90   25    0   11   12   12   29   36    3   30    4   37   22 
    4   19    7   13   22   32    8    8   20   19   73   88   76   15   98   94   54  229   90   26    0   13   35    9   26   31   19   13   47   15 
    6    7   18    4    4   24   17   13    4   17   18   32  132   55   51   65  186  213   81   23   18    0   22   30   25   21   31   17   25    3 
    6   33   16   23    9    7   13   13   16   30  131   93  110   53   42   65  191  240   64   13   21   23    0   10   30   28   21   15   24   19 
   10   34    8    4   20    4   17    2    6   15  102   21   97   15  151   42  237  123  136   16   15   31   16    0   13    9   15   19   46   10 
    3   16   16   20   18   26   14    3   21    6   98  107   76   47  125   66  195   61   99   17   21    8   29   20    0    7   29   18   18   11 
    1   24   14    3   20    9    8   15   23   34   86   71   31   34   89   18  141  234  171    7   12   17   26   29   34    0   13   11   29   10 
    6   12    9    4    2   19    5   16   30    4   66   77   37   19   78   95  234  107  105   32    4   27   21    5   33   23    0    5   56   16 
    4   19    7   17   20    8   15   11   10    8   62   69   29   18   57   65  209  157   91   10   26   26   31   19    6   23   31    0   44   22 
    8   13   15   22    9   15   17   12    9    4   31   78   45   29  169  109  198  105  189    4   20   34   32   26    7    5    6   20    0    8 
    4    4    7   22   15   17    6   15    4   26   22   37  121   58   62  107  119  192   68   18   18    3   30   22    4   20   15   20    7    0  
    0   12    8   20   13    3   29    9    9   33   24  139   58   24  193   89  108   79  165   23   24    5    1   10   10   23   21    4   13    3 
    6    0   33   17    1    5   11    7    4    9  137  191  187   10  251  121  184  113   44   33    8   28    6    3    5   15   12   25    7   13 
   14   19    0   11   10    6   18   12    1   17   68  192  113   44  116  185  161   93   60   31   13   24    9    4    3   29   13   13    9   18 
   14   32   42    0    7    3    5    8    3   12  149   65   52   57  119   62  151  117  174   27   25   23   10    5   14   14    4   17    6   11 
   16   34   12   15    0    2   25    9    9   20   29  159  106   49  225  199   29  105   86    9   11   34    6    7    2    8   10    5    6   18 
   14   13   21    6    9    0   20   13    6   31   28  194   21   12   61  162  172   48   43   31   20   35    4    5   10   25   39   26    3   15 
   10   19   46   18   14    8    0   12    3    4  191  186  174   70   55  143   54   49  104   10   23   27   10    6    1   14   37   10   13    4 
    4    7   28   12   12    4   25    0    3   15  168   45  178   17  173  176  162  110   26   31    5   31    4    7    2    8    6   18   11   10 
    5   36   16    5   14    8   23   12    0   35   38   68  126    9  243   68  151   27  173    7    9   37    7    1   13   28   12   24    9    7 
   12   14   17   18   11    6   21    9    5    0  177  114   21   25   27  136  121   78  143   25    5   29    9    5    2   29   26   12    2   11 
    9   19   12   22    8    4   12    6    7   13    0  205  163   79  221   73  162   86  175   23   12   22    1    2    3   24   14   23   14    6 
    3   36   26   21    9    6   19   11    8   39  157    0  190   16   66  167  122  113  164   28    3   42    3    4    3    6    5    5    7    3 
    9   19   23   16    3    9   25    8    4   18   89  184    0   36  140   52   64   83  182   13   23   34    5   10    6   28   25   22   13   17 
   14    5   27    8   12    3   25    9    8   26   29   97   19    0   53  111  160  118   25   11   15   25    8    3    4    5   19   28    2   10 
   12   11    9   19    8    1   10    1    1    6   94  178   24   31    0  149   27   29  146   13   26   19    3    3    8   12   10   22    4    7 
   13   20   28   11   13    4   29    5    9   42   27  193   86   37  138    0  140  101   75   17   11   15    3    3    5   17   16   25    4   12 
    1   30   11   16    1    7    9   15    6   34  119  166  154   43   87  121    0   82  107   20   20   24    1    9    8   19   38   11    7    9 
    5   23   25   22   13    2   16    7    4   10   33  137  138   70  100   53  112    0   70   30    3   39    4    4    8    5   16   10   13    3 
   15   37   26   15   10    9   18   14    5   32   88   36  184   68  116  100   23   47    0   21   12   12    8   10   12   14    5   25   11   18 
   11   29   51   15    6    6   26   13    6   41   96  204   92   73  144   96  201   86   43    0   14   25    5    5    4    8   13   25   16   19 
    7   40   20    8    7    8   15    2    5   20   65   33   25   15  140   75   27   50  112   29    0   37    6   10   14   28   34   18   10   13 
    8    4   53   16    1    7    3   12    9   38   39  117  108   78  132  155   34   86  177   23   16    0    5    9    2    8   35   23   13    5 
    3   40   22   18    8    5   15   13    9   41  171   80  110   19   71  102  195   26   61    7   28   36    0    3   14   20   14   10   10    7 
   14   20    8    7    3    5    9    5    3   13  121  106   26   59  125   80   26   71   61   28   28   25    7    0   12   19   37    4   16    6 
   15    8   10    3   12    8   24   14    4   37   50  119  150   44  183  189   39   38  109   16   24   32    4   10    0   13   14   25   13   16 
    3   24   10    8    2    2   11    5   10   36   36   65   36   57   91  194   67   47  139    7    3   14    2    5    8    0   31    7   14    8 
   13   28   23   18   11    8   14   10    7   23   60   41   74   24   69   80  113   40   19    4   29   15    4    4    3    6    0   11   11   10 
    4   33   51   14   10    8   26   15    4    5  130   78   85   41  206  126  178  107   71   12    7    8    9    2   13   14   16    0    5    8 
    3   30   45   21   10    9   30    3    9    7  172  100   43   13  124  127  168   92   61    5   14    6    9    5   13    6   28    7    0    7 
   15   32   17   22    3    2   27   15    5    5   92  189  116   80   34  111   93  106  126   14   22   34   10    4    3   26   36   22   15    0 
    0   42   38   23   11   35    6    3   25    4   13   45  263   22  172   73  229  153  148   41    3   35   16   40    4   15   35    6   14    7 
   12    0    6   27    3   33   11   18   14    9   24  129  214   19  107   21  133  125   98   27    9   23   17   21    9   21   20   23   11   25 
   40   44    0   13   20   19    7   13   18   10   34  109   59   34  162   49   95  109   33   44    2   10   18   17    3   28   18   25    8   20 
   23   41   36    0   12    9    5   12    8   11   25   27  239   27  109   18  203   27  126   23   10   46    3   19    9   15   13   40    5   23 
    8   46   16   12    0   21    6   10    6   11    8   69   55    8  120   54  263  199   27   42   11   13   17   26    6    9   39    6   21   27 
   52   33   11   28    6    0    7    7   14    1   22  152  147   61  169   69   91  130   67   34   13    8    8   23   10   12   36   46   30   17 
   22    9   27   12   14   35    0   16    6    9   24  126   28   61   23   39  111  198   28   48   12   15   14    6    8    3   27   24   10   12 
   22   45   11   14   14   16    3    0   10    8   12  175   54   12  152   87   96  205   36   51    8   26   11   33    7   10   14   34    5   19 
   36   16   39   20   16   15    7    4    0   10   27  189  213   27   39   35  204   28   94   14    7   12    5   26    5   26   37   36   27    7  
   49   23   10   14    3   14    4   17   15    0   21  102  141   37  139   20   43  147  119   49   11   11   20   29    3    7   18   41   21   17 
   48    5   39    4    3   37    1    4   27   10    0  142  211   42  129   77   92  160  105   37    8   15   25   38   10   14   36   31   31   27  
   14   28   26   11   11    5    9   20   23    9    4    0  193   63  119   32  102   80  113   16    3   19   17    8    4   27   37   36    3   14 
    6    5   41   23    9   14    5   10   27    1   41   24    0   63  124   53  146  102   17   29   12   41   21   46   10   15   19   41   31   21 
   12   44   25   18   21   26    3   17   18    6   16   32  203    0   56   27  215  146   84   19    2   12    8   29   10   26   26   37   29    7 
   34   31   16   16   12   16    4   19   26    8   30   53  169   31    0   12  267   40   75   10   10   29   12   13    4   10   13   13   17   14  
   23   45   21   22   10    7   11   16   14    7   30  107  126   52   50    0   84  145   35   55   14   29    5   29    6   15    8   12    6   26 
   44   43    5   23    6   29    9   13   25   11   29  201   33   54  113   58    0  229   69   28   11   27    9   16    5   10    9   45   30    7 
   23   14   35   15   16   10    9   19   14    4    6  143   30   48   86   67  155    0   96    6    7   25   18   33    8   28   11   39   26   19 
   27   10   37   24   20   19    6    2   28    8   23   64  149   42  102   55  245   85    0    6    7   45   14   42    3   25   27   36   25   13 
   33   16   28    7   11   24    6   20    4    6   20   90   64    9   30   79  147   28  121    0    2    8   14   31    6   25   35   20    3    4 
   40   38   28   31   13   36    8   16   14   12   10   69  140   42   37   59  230   43  107    6    0   18   17   43    3   24   22   20    3   14 
   54    6   37   17   21   12    8   19   17    2    5   28  226   25   69   30  214  187  115   52   11    0   13   24    2   21    5   45    4   16 
   10    7   13   16    6    4    2    9   25    5   18   83   31   28   94   26   48  155   54   59   10   15    0   33    6    4   25   38   27   20 
   29   30   22    8   14   32    6   22   21    7    4  137  233   29  170   86  112  229  104   58    7   40    6    0    7    4   25   32   18    8 
   20   10   18    5    7   25    9    2    7    5   37   20  106   32  146   21  107   35  126   32    6   29   19   40    0   21    9   11   18   28 
   12   29   33   22    4   30    4   16   23    5    5   50  201   47   80   83  129  123   70   58   11   31    6    9    2    0    8   20   17   19 
   31   10   38   28   13   19    5    7   15    1   17   50   78   33   40   54  125  223   99   54    4    4   22   45    4   16    0   31   11    9 
   25    5    9   24   10   12    7    3   27    3   12  128  115   40  129   90  272  230   30   30    8   11   20   32    6   27   22    0    9    7 
   31   34   11    5   12   20    8   18    3    8   39  160  217   28  152   82   71   93  124   11   15    8   11   18    7   15   32   44    0    6 
   14   30   23   25   19   32    4    7   21    8   12  157   87   20  117   27  140   96   45   26   14   23   19   12    4   23   23   26   26    0 
  626  639  643  708  689  805  626  734  977  704  935  644  550  641  935  589  907  825  695  905  542  818  868  527  812  714  823  781  549  636 
                    