   30 
   10 
    10 
    0   35    6   10    9   17    9   24   17   26    7   88   82   86   83  102  153   14   37  158   12   27   12   20   16   25   13   17   53   43 
   47    0    3   16    2   42    8   20    6   13    7   70   76   53   96  233  162   59   80   18   16   51   26   24    3    9   15    7   40   45 
    8   22    0    2   11   21   12   26    9   12    5   89   57   11  136   58  186  102   43   29   14   10   19    7   17    6    3   13   16   31 
   14    9    9    0    2   34    6   46   14    8   12   57  114   95  137  136  212  100   67   78    8   24    5   23    3   12   18    6   24   42 
   28   31   14   23    0   24   14   19   19   35    1   24   85   97  168  147  204   28   60  124   15   29    6    4   17    3   27   22    7   22 
   43    7    4   21    2    0   10   12    4   18   13  115  131   81  138   62  132  103   64  124    5    8   10   11    9   17   21   19   22   23 
   27   41   10   11    8   40    0   47    5    8    7   82   17   20   45  249  209   18   21  169    8   10   23   26    6    9   26   10    9   25 
   36   23   15   22    7    6   23    0   11   28    9   95   71  102   96  158  122   16   73  158   17   41   15   11   20    5    6   12   24    6 
   30   24   15   21    2   14   12   47    0   29    7   59   80   35  160   46   56   75   31  131   14   56    7   16   21   28   28    4   10   26 
   21   40    4    6    8    9   21   39   10    0    6   40   35   35   30   97   35  107   89  185    6   28   26   13    6   14    4   14   46   35 
   25   28    5    6   10   34   11   43    6   25    0   72  132   17  161   83  134   27   44   71    9   22    9    4   21   21    6   12   26   21 
   37   19   12   13    4   47   15   11    8   15   12    0   43   17  108   93  158  100   31  121    4   38   14   26    9   21   19   18   18   33 
   36   12   10   17   14   11   24   25    9   33    2   24    0   87  102  229  148   71   49  126   18   53   20   27   10   28   20   17   34   25 
   47   30    3   16   12   42   13    5    8    9   12   50   60    0   31  123  205   60   47  161    3    6    8   27    2   20   21   17   44   36 
    5   15   13   22    4   34   18   44   10    7    7   85  113   88    0  102  201   49   73  169    2   48   24   17    5   21   21    7   41   22 
   15   15   12    6   12   23    6   23    5   11    8   72   29   55   45    0  172   52   50  141   13   24    6   23    6   16   31   23   44   20 
   44   31    8   23    8   42    2   32   15   15    7   99  111   79  160  172    0   31   87   32    7   31   25    7   18    4    7    5   17   45 
   26   32   14   15    2   22    8   37   23   13    3   43   83   17  104  142   54    0   80   44   17    9    7   10   10    7    8   11   34   10 
   40    8    5    4   10   27   21   31   20   30    1  106   33  103  114  128  123   37    0  140   11   17    4   21    5    3   15    5   52   12 
   44   19    6   12   13   27    7    5   18   12    9   82   78   89   23  102   42   56   84    0   16   36   16   16    4    6   18    8   30   42 
   26   37   13    3    6   42   14   11    8   16    1   51   77  102   65  193  207   79   36  123    0   34   26    7    3   16   27   20    5   38 
   23    9   11    6   12   41   10   36    9   25    8  118   95   61  134  142   92   20   16   44   13    0    9   17    7    5   18    9   46   40 
   12   42    2   20   10   34   20   45   16   27    9   84  135  101   97  209   74   43   43  156   12   41    0    8    5    3   24   11   35    8 
   27   31   11   12    2   42    9   19   12   20   11   37  117   41   67  229  144   47   85  172    9   46   14    0   12   14   25   15   49   12 
    8    8    2    8   15   10   10   23   15    9    8  119   48   95  127   55   72   92   26  113    8   10   15    4    0   28   11    9   22   27 
   36   29    8    7   12   21   17    7   15   31    3  105   40   98   77  107   76   63   23   93   13   55   18   16   10    0   30    6   45   36 
   33    5    5   12   15   31    5   15   16   24    3   99  125   93   24  221  130   76   68   32    8    6   27   25    4   13    0   11   21    4 
   35   16   12   11   12   36    9   32    8   12    4   66   98   30  108  236  153   59   59  139   18   28   12   29   13   22   31    0    8   16 
   22   17    8    3    9   27    4   33   11   28   11  129   39   93   30  102  197   98   41   31   11   29   26   12   13   28   21   18    0   38 
   30   10   12    8    9   44   24   47    4   34    6   59   73   78  138  259   55   42   49   45   11   48   10   26   12    3   22   18   30    0 
    0   18   37    4   22   11    7   18    3   22   35   11   35    5   13   11   24    4    9   20  170   37   74   21  192  135  133   69  120  171 
    7    0   22   27   18   15    6   29   16   29   26   23   22   16    8    8   26   10    3    7   87   30   99   87  105   43   14   71  129   85 
    4    7    0   38    4   12   33   19   20    6   13   25   16   19   16    4   25    6   14   20  151   30  121  171   42  126   39   76   30   22  
   10    7   27    0   26    4   20   24   10   34   39    5    9   13    5   11   20   12   12    5  109   30   32   84  115   43  112   33  100  106 
   12   39   15   42    0    3   21   24   18    5   37   13   25   11   16    9   18    7    9   24  151   26  100  130  176   91  107   66   75  164 
   10   14   19   23   13    0   25   33   12   31   36   22   46   15    7    8   23    6   15   13   97   48   57  160  144   48   88   20   70  127 
    7   18    9   34    8    3    0   25   13   28   16   24   15    8   12    9   11    4   21   23   96   43  150   70  165  105   15   37   66  128 
    9    6   12   11    3   11   25    0   12   27   11   15   42   26   22    8   18    7   13    6  191   12   31   61  153   27   82   24  110   91 
   17   28    5   21   16   12   17   11    0   25    6    6    5   13    5    3   22    9   10   32  106   46  192  110   58   67  112   12   71  143 
   12   22   24   24   17   11   18    6    3    0   11    7   47   20   12    3   20   12    4   24   55   32  184  105   57   68   21   10   16   96 
    9   23    9   37    6   12   29   13    5   26    0   16   30   26    4    9    8    9    4   29   53   54   62   55  179   84  118   74   20  100 
    7   11    9   23   10    6   29   13   14   24   20    0   14   17    5    5   27   13    3   21  103    7  200   88  109   56   92   47   78  166 
    2    9   22   21    4    6    3   27    8    6    6   13    0   27   12    5    7    7   19   31   52   55   81  100   22   95  127   29   80  136 
   11   31   28   16   12   11   13   19   12   21   19   30    5    0   24    7   19    9   12   19  158   29  128  154  137   48   89   31   25  169 
    7   13   34   33   19   13   20   15   13   10   30    6   29   11    0    5   19   15    2    9  169   15  195   32  173  112   18   27  113  153 
   14   30   35    7   18    3   18   18   19   31   17   10   34   14    5    0   20   12    5    3   57   38   50   49  182  144   28   36   71   99 
   11   41   28    5    9   17   31   38   16   21    7   10   47   14   23   10    0   13   12   15  162   13  153  136  216   16   21   72   81   29 
    6    6   21    7   18   19   29   14   20   33   28    8   23    5   13    5   26    0   13   13  154   38  164   75   32  100   36   47  103  119 
   13   11   36    6   15    7   23    4   13    5   30   14   25   10   15   11   26    7    0   26   61   35  166   72  183   52   75   29  122   55 
    6   35   31   24   21    3   28   42    4   31   11    8   34   10    6    8   11   11    8    0   76   54   48   19   58  142   66   51  114  140 
    2   21   21    9    5   18   14    6   10   30   20   21   45    3   17    3   23   10   17   16    0   56  159  132  222  144   72   22  125   93 
    6   40   33   15   22    8   29   27   10   20   26   11   14   13   22   12   14    8    5   19   47    0   73  108  213   31  137   55   81   61 
    6   27   12   13   21   19    4   28    6   32   39   14   41    8   15    8    9    7   15   21   48   40    0  146  148  116   31   22  127   47 
   16   26   21   12    9   18   30   11   11   20   33    7   44   22    4   11   24    8   19   14  163   11  120    0   72   53   40   34   40   99 
   11   42   25   18   11    3    6   30   18   23    4   17   23   23   13   10    4   12   14   21   93   16   73   62    0   69   75   13   68   98 
    7   26   32    9   19   15    5   33   19   33   38   21   12   12   17    8   18   11    4   22  132    7   82  166  103    0   65   24   55   54 
   12   23   38   23    7   20   23   21    5   29   20    8   38   15   13   12   31   11   10    8   55   13  198   66   93   20    0   46   77   41 
    2   17    9   34   11    8   31   32    9   27   14   13   12    6   17    9   10   15    4    4  167   56   73   74   66   75   89    0   53   65 
    9   39   27   27   29    4   14   34    5    6   20   16   50   24   18    6    8    7   15   23  194   44  143  170  205   65  129   50    0  149 
    7   41   30   42    4   20   19    8   17   21    4   19   29   24   10    6   23    7    4   13  109   46   68   71   73  121  128   77  126    0 
    0    5   23   82   24  108   29   55   17   23    5    1    2   10   12   15    3   22    7    8   36  135   45   15  103   24   81  146   33  123 
   38    0   23   38  105   78   27   40   52   39    3    2   13    7    2    7    5   14   11    9  102   28  131   21  137   39   71   97    9   41 
   25   11    0   65   35  100   62   47   40   55    5    2   12   26    4   17    1   24   21   22  113   27   81    7  118    6   81  142   26   89 
   14   18   18    0   50   39   12  117   34   32    1    5    4    3    1    9    2    4   29    5  135   36   43   29   34   33   62  116   25  117 
   38   52    5   58    0  150   70   49   67   41    7    3   16   13    7    4   10   20   25    8   84   67   39   44   92   16  101   54   16   88 
   37   45   34   75   23    0   58  126   45   31    5    5   16   27    6   11    4   26   12   23   82   30  106   45   28   13   23   23    8   84 
   62   16   10   25   98  126    0  166   29   20    6    5    3    6    8   13    7   13    7   16  113   93  116   42  140   26  110   80    6   22 
   62   45   12   51   45  128   28    0   49   24    7    3    5   26    8   13    6    5    9   21  123   86  121   29   20   25  103  126   24  116 
   40   47   10   38   46   32   32   39    0   51    2    4   14   21    4    9    7    5    5   28   75   60   23   34   56   39   45   66   22   44 
   18   34   23   16   34   17   60   52   50    0    4    5    2    9    6    5    7   23    9   25   20   88   62   34   92   35   19   24   26   84 
   36   31   31   83   26  114   22   53   31   21    0    1    9   27    8    2   10    8    5   16   60   26   41    7   47    7   30  152    7   53 
    9    6   22   46   50   49   70   19   86   44    2    0   15    5   12   12    8   27   17   24   43  125   58   25   89   17   13  137   15   30 
    7   48   36   20   98   71   77   26   68   44    6    3    0    9    4    4    8    9   25   16  119   63  124   29   23   15   69   17   23   96 
   19    8   38   61   41  127   20  103   41   40    4    0    2    0   11   13    4    5   22    3   45  104  141   48   17   31   42  158   42   34 
   39   22   19   61   49  157   48  145   79   32    5    0    3   18    0   18    7   21   35   25  119  114   87   43   64   31   28   90   26   88 
   43   32    8   60   62   93   13   47   62   48    7    0    6   14    7    0   10   17   28   10   84   75  146   42  116   18  109   99   27   87 
   17   48   26   16   44   88   12   98   55    7    4    5   15    3    1   12    0    9    6   27   64   32   26   45  116   29   32   60    7   88 
   24   29   18   71   16  154   32   75   36   33    4    2    7   27    3    2    2    0    6   14   44  132  150   43   92   32   91   76   17   70 
   24   11   13   32   20   64   11   38   40   21    6    4   10    5    1    8    1   16    0    3   58   99   46   40   47   14   62  150   12   30  
   22   29   24   27   99  152   67  145   38   18    4    5    4   14    2    6    3   16   26    0  131   99  130   49   52   19   79   18   19   53  
   56   26   27   36   85   53   54  105   68   32    2    5    3    9    3   13    5   17   33   24    0   49   93   41   77   14   31   19   44   88  
   27   24   16   50   11   80   25   63   68   36    1    5   12   13   11    5    4   20    3   12   49    0   41   31  108   31   67  128   29   38 
   11   35   32   42   36   30   65   51   85   24    5    5    7   19   11   17    8   18   16   14   50  126    0   16  103    6   15   91   33  128 
   64   42   33   11   82   17   67  118   35   34    7    5    6    3    5   12    2   15   28   28  136   19  107    0   49   29   85  119   41   34 
   58   49   36   44   58   17   37  145   53   11    7    3    7   16   10   12   10    4    8   12  126   80  132    9    0   33   59  103   41  126 
   42   35    4   10   20   57   59   21   62   15    5    2   14    3    3   16    9   11   15   30  127  113   17   51   85    0   86   27    7  123 
   21   22    6   24   73   82   13   40   83   47    2    1    5   23    5    2    6    9   25    8   16   67  129   10  114   39    0   53   18   90 
   49   12   38   35   93  102   59  162   56    6    5    4    3   16   13   15    3   25   10   11   20   75   47   14   89   24   90    0   10  124 
   26   41   29   85  103   43   19  134   37   14    5    5   17    9   12   15   10    5   10   21   34   26  111   47  111   27   64  105    0   43 
   46   27    7   23   74   26   30  104   37   15    2    3    5    6    3   18    2   26   10   26   59  116   26   23  138   11   56   66   34    0 
    0    9   24    3   22    3   14    2    7   19   17   18    6    4   14   13    7   37   22    8   50  220  151  127   36  123   51  181  140   49 
    2    0   30   12   27    2   10    8   15    4   30    8   18   20   17   17   14   30   21    7   31  184   93   64   64   30  101   28  125   77 
    4    3    0    6    7   13   13   10    7   15   32    4   22   13    2    9   15   34    8    9  143   88   87   22   70  185   43  112   73   10 
   14    1    9    0   13   14   12    6   13   12   10   18    5   15    8   17   12   17   11    4   77   43   98   53   71  106   38  168   39   74 
    5    6   17   11    0   17   16    2    9   23   11   13    5    9   14   24    2   18    6    9  127  144   33   69   26  195   65  178   42   41 
    5    8   18    2   32    0   14    3    9   22   11    2   20   14   15   12   12   22   35    6   79  177   62  122   20  216   73  159   91   57 
    9    6   22    8   16    7    0   10    5   34   11    3    7   19   18    3    5   15   22    6  127  208  204  116   21   98   14   22  128   26 
   13    5   20    2   20    3   15    0   11   30   22   20   23    6    8   22    4   47   38    6   37  147  113   42   56  136   12  194  101   68 
    9    6   25   11   20   10   21    2    0   14   25    8   15   19   17    4   11   14   32    7   98  194   82  126   40  146   46   27  105   27 
   12    9   22   11   31   11   10    6   11    0   17   12   17    8   11    4   12   31   30    8   77   79  185   44   43   71  116   74  117   33 
   11    2   21   12    5    9   17    9   16    5    0   17   24   12   17   18    4   19   30    9  154  124  185   91   53   29  105  146   40   68 
    5    4   17    3    4   10   12   10    6    9   31    0    7   21   12   17    4   12   21    4  149  172  175   13   50  188  101  169  120   48 
    2    6   26    8   21    4   18   10    5   33    6   19    0   15   18   21    2   22   11    9   19  199  100  104   70  240   86  150  117   32 
   11    5   27   11   28    7    9    7   17   25   11    6    7    0    7   23   14   14   38    6   98  214   84   80   38  204   12   64  133   62 
   10    3   11   13   16    5   19    2   14   12   13    8   22    2    0   13   12   26   11    9  166  112  161  116   25   34   89  137   93   34 
    1    9   29   10   16   15   19    8    9   11   10   10   21   12   12    0    7   42   25    9   79  171  212   15   63   27   14  141   48   63 
    7    6    8   14   16    8   22    5   14   14    8   21   25   14   14   21    0   40   30    6  114   52  108   34   26  237  106   23   31   13 
   10    7   16   10   28    9   20    7   14    9   25   15   16   15    8   10   11    0   35    2   56   34  132   52   16  179  112   35  148   55 
   14    3    9    2   18    8   11    7    8   12    7   24    7   19   16   23   13   21    0    8   99   32  163  126   17   98   14  164   99   58 
    5    6   13    2   28   15   16    3   14   30   14   13   11    5   17    6   10   19   32    0   98  168  108   91   21  202   76  140   64   12 
   11    2   11   12   33    9   16    2    9    7   23   15    8    4    4    2    7    9   39    5    0   68   76   30   37   64   80  172   31   66 
   14    4   21    2    7    2   13    7    3    8   32   13    5   18    2   23   13   30   21    5   74    0  166  105   65   95   66  131  136   49 
    8    1    4    4   27   10   17    8   16   30    6   12   20    2   16    5   13   16   17    3  169  162    0   72   40  136   16   47  146   56 
   10    6    5    4   25    8    3    1    2   28    6   16    7    7   17   12    3   38   31    2   73  179   55    0    8  240   96  185   69   31 
   11    6   19    2   13    2   21    4    5   24   14   21   13   13   11   17   12   10    9    2  125  220  185   21    0   27   57   75  121   44 
    5    5    6    9   32    6   11    9    5   26    5   15    9   21   16   10   12   22    9    6  147   46   36  129   15    0   41  174   21   55 
    2    7    5    7    9   10   17    1   16   34    9   17   13   19    8   19    9   41   19    6   93  168  125  128   33   36    0  124  129   52 
   10    3   17    5   17    8    5    2   11   34   26   13   24   20    4   21   14   34    8    8  169   62  205   80   20  156   46    0  139   30 
    4    4   13    9   14   11   20    3    2   27   15   15   19   12    7   20    7   25    7    6   82   61  168   45   71  147   48  198    0   49 
    9    5    4   13    7   10   19    2   14   21   30   11   16    9    5    7   15   19   22    7   83  219  206   76   56  148   25   21  118    0 
    0   28   19  173   10  100   27  156   63   68    7    3   13    4   10    2    9   10   23    5   17   37  127   34  104   37   20   27   86   18 
   64    0   15   19   15  103   29   65  105   67    5    5   11   11   16    5   15   22    3    1   16   25   74   38   89   58   40   27   35   63 
   40   13    0  101   32   22   13  163   60   45    2    3    5    9   16    6   15   13   22    5   30   14  105   45   77   59  101   24   41  104 
  158   71   65    0   57   45   51  109   51   14    1    2   14    2    9   14    9   19   16    8   15   20  116   15  139   39   29   16   51   39 
  136   56    9   19    0   30   47  128   45   40    1    4    2   15    7    8   17   26   16    3   18    5  106   11   31   13   73    5   82  119 
   42   13   69   67   21    0   63   70  120   36    3    3    4    2   16   11   13   14   17    2   31   12   79   39  123   27   10   30   63   31 
   39   22   58  134    9   44    0  126   45   29    5    3   11   12   11    6   30   27   20    3   17    5   64   35  174   57   96   10   45   78 
   33   51   14   25   25   12    9    0   27   23    5    5   11   15   12    9   18    9    5    8   40   16   77   34   26   31   10   39   54   74 
   97   77   33   81   38   25   31   95    0   43    5    3   13   13   15   11    4    8    7    7   27   27   46   35   74   14   79   40   35   62 
   26   29   66   69   52  105   39  108  128    0    5    8   11   12   10   14   23   25   13    4   13   21   90   26  172   26   93   41   40  115 
  100   58   39  129   49   95   62   65   88   29    0    7    7   10   12   10    3    9   10    2   25   20   29   47  134   17   66    6   12  118 
   29   65   14   20   37   98   20   87  117   23    6    0    8   10   14    2   19    9   23    6   36   23  103   21   69   24   46   46   54  109 
   93   25   61   34   47   14   37   46   21   65    4    8    0    2    4    9   22   13    3    3   14   30   41    8  120    8   34   45   72   42 
   73   14   55   53   43   85   53  109  116   53    1    3   12    0    7    9   22   29   20    9   10   25  100   10  105   59   76   36    9   50 
   96   57   39   46   33   59   12   71   91   13    4    6    7    5    0    3   19    6   13    9   40    5   87   42  127   35   82   26   77   62 
   94   69   29   42   49   95   53   97   44   29    2    6   12    9    8    0   18   18    2    8   10   26   47   23  154   24   84   27    9   43 
  144   54   69   81   28   23   49  151  104   36    4    4    3    4   10   12    0   23   21    5   12   21   89   18   97   43   11   16   79   97 
   99   76   27  128   57   40   24  114  115   57    5    6    4    3    3    2   14    0    6    4   11   37   55   35   54    6   62   29   66   75 
  105   64   48   82   28  107   16   80   68   26    2    3   13   16    8   14   23    7    0   10   27   38   80   55  144   36   68   24   53  109 
  112   25   53  153   17   72   22  151   13   29    3    4   10    9    8   12   28   15    2    0    6   16   62   65   59   14   74   21   83   23 
   64   12   16  145   12   14   49   65   18   38    2    8    2    9   15    6    6   25   10    2    0   25  134   61   30   27   90   10   41   32 
  101   59   39  143    7   18   41  137   55   60    4    1   10    7   11    3    6    8    2    4   27    0   99   62   22   37   11   26   43  113 
  112   77    7  148   61   50    8   44   49   65    5    4    9   17    7    3    5   25    7    5   19   15    0   60   56   32   49   15    9   92 
   50   25   51  116   10   62   40  124   52   46    2    2    2   12   12   11   16   19    4    6   14   23   71    0   65   17   66   33   76   48 
  180   67    8   25   36   79   54   19  114   11    1    7   13    7   11   12   28    5   12    1    8   21   73   33    0   53   83   28   78   91 
   97   42   36  100   37   50   37  140   68   52    7    4   13    4    2    4   30   15   15    3   41   17   39   40  151    0   18   22   17   66 
  121   59   48  162   19   47   37   72   18   10    7    6   13    6    9    9   10    6    6    6   35   35   31   13  169   43    0   46   70  113 
  154   70   18  157   49   72   39   64   79   54    5    8    1   13    2    8   10   14   19    9   26   14  113   23  143   51   14    0   18   49 
   58   62   50  100   18  103   55   52   54   58    4    1    8    8   12   13   30    6   13    9   34   29   86    7  152   40   37   44    0   83 
   56   55   17   75   45   53   65   36   98   40    6    3   11    2   14    2    4   30    9    2   20   17  130   48  116   46   94   34   85    0 
    0   22   12   26    7   15    6   17    3    9   66   56  126  198   38  117  170   94   50   46   13   48   43   23   30   17   25   15   47   10 
   25    0    8   26    6   18    7   13   13    2   88   42  230  112   63   54  123  123   38   31    8   41   32   45   49    2   17   10   26    2 
   34   26    0    9   16   20   30   18    4   16   43   99   55   93    9  224   69   74   70   46    3   32   25   47   44   12   31    2   34   10 
   14   19    5    0   16    6    5   30    4    4   45  123  220  123   45   45  105   71   40    6    2   25   11   40   32    4   30   12   25    8 
   11   26   14   32    0   17   41   17   20    8   88  141   30   49   81   54   74   58   29   16    8   24   21   45   18    7   20   15   21    2 
   24   14   14   27    8    0   41   26   10   10   76   60   76   66   77  188  161   49   38   29    2   42   40   36   19   10   18    5   51    7 
   38   20    5   37    6   21    0    6   15   17   64   57  204   68   17   83  158  125   21    5    2   50   25   34   27   19   12    5   44    5 
   18   16   12   21   26   17    8    0   12   14   24  106  141  112   34  176   38  126   52   43   11   25   20    9   58   21   14    7   20    5 
   29   27    8   18   17   11   29   25    0   14    9   34  166  128   34   86  105   35   57    6   12   51   35    6   48    5   26    2   37    7 
   37   31   11    6   12    7   25    9    6    0   61  110  206  124   83   49  174  135   48   21   10   51   40   41   30   15   31    9   42    4 
   28   30   10    7   26    3   22    7   12   16    0   75  138   66   63  143   72   16   59   31   11   26   40   35   52    8   25   15   19    5 
    7   17    9   31   17   20   39   11   17    9   18    0   52  186   57   36  181   76   57   11    6   22   24   35   56   14   23    4   36   10 
   38   16    9   14   15   13    5   10    3   13   52   34    0   57   38  204  133   25   61   45    7   32   23   39    6   11   14    2   10   12 
    9    6    9   11   10   10   12    6   20   17   31   94   96    0   25   28  131   28   65    6   10   43   45   43   57   20   28   13   47   11 
    5   16   12   36    6   18   43   18   12   10   17  111  146  143    0  181  143  115   47   34   11   43   43   45   42   20   24    3   13    7 
   18    5    2    5   24    4    6   23   11    7   19  122  197  119   48    0   72  104   29   15   13   19   14   41    9   12   19   15   39    6 
   26   17    4   42   21   11   36   18   20    5   83   59   31   45   22  221    0   68   48   35   13   14   44   43   17   17   27   13   11   10 
   24   23    9   28   20   22   36    6   20    5   17   47  148  160   84  147   72    0   64   11    3   20    7   15   11   20   21   15   28   12 
   21   27   12   41   15   13   24   20    4    5   66  106  111  180   23   89   88  128    0   26   12   16   16   48   49    5    6   11   37    6 
   14   24    2   38   20   20   37    5   10    6   78   54  106  159   77  178   92   66   81    0    3   53   22   22   16    3   26    3    6    8 
   36   12    9   23   25   15   35   23    4    9   77  137  168   25   35  102   89   95   28   34    0   38   33   14   40   10   11   16   17    5 
   20   20   10   42   11   15   30   10   17    6   12  136  138  193   30  171   24   98   58    5    8    0   19   16   14   20   27    1   19    8 
   34   29    8    7    4   22    8    8   15   14   61  107  222  170   82  222   57   83   70   49    9   33    0   23   10    8   25   15   45    3 
   27   15    3   11   18   16   37   28   17   12   35  128  179  172   41   61   54   35   62    6   13   21    5    0   35    2   13   14   50   12 
    8   27    7   45    9    6    8   30    6   16   62  107  102   60   48   55  142   79   28   14   12   24    5   33    0    4   14    7   12   10 
   25   18    2   30   13   18   44   27   11    2   11  130  203   68   32   62   69   55   42   21    8   32   40   11   21    0   21   15   23   11 
   27   11    8   33   25   21   36   25    7   16   23   40   76  197   53  221   86  134   54   38    1    9   20   11   17   12    0    2   31   11 
    5   25    6   35   13   15   27   19    7   15   31   31  214  128   71  140  166   46   67    5   10   47   43   37    7   22   17    0   43   13 
   29    7   12   40   26    6   45   27   18   13    9   58  106  101   37  121  178  103   53   21    9   21   15    5   43   17    7   15    0    3 
   27   12   14   12   12   13   25   25   16    4   29   78   87   49   28  103   95  100   67   40   11   19   11   17   11    4   16    9   22    0 
    0    7   34   12   29   35   27   19   30   22   17   12   16   22    5   11   14    7   22   20    3   98   34  141  181   15   58  132  240   76 
   28    0   13   11   27    6   19   10   23   27    8    3    5   19   10   15   15   18   30   25   20  105   38  118   74  114   55  155  252   54 
    4    6    0    5   18   15   30   34   12   21   27   14   36   27   14   12   15   48   31   21    5  116   54   45   81   94   37   37   94   90 
    5   12   23    0    7   25    9   32   19   32   13   11    9    9    7   14   16   21   28   22    3  138   16   23   69   79   29   42   99  182 
    8   25   34    3    0   13   14   32   29    8   23   15   17   17   11   12    3   24   37    9   23   88   45   74  138   54   64  101   43  147 
   13   22   34   22   19    0   22   23   26   31   15    4   10   23    8    6    6   23   16   10    5   41   11  101  144   53   73  102   64   55 
   11   14   23    2   27    6    0   24   17   19    5   15   19    9   14   10    4    6   27    4    4  104   20  135  128   47   30  157  206  103 
   33   10   30   16   29   38   40    0   14    9   19    1   29   41   10    8   18   29   10   31    9  151    9  161   60   84   40  122   97  162 
   25    7   13    5    7   22   33    4    0   18   31    2   39   34    8    4   13   39   29   10   16  115   50  121  146   78   72  132  144  174 
   13   17   11   19   19   30   30   12   15    0   18   12    8   14    3   14   11   45   38   16    3   71   42  106  131  151   31  129  123  129 
    6    3   12    6   34   28   23   14   11    4    0    8   35   44    9   14   18    8    7    9    8   71   39   99  166   69   21   69  188  114 
   33   13   32   21   30   47   38    5    5   17   15    0    9   23   14   15    3    9   20   38    4  125   17  145   88  126   42  181  125   39 
   12   17   46   10   19   39   23    4   23    9   21   10    0   51    7   11    2   48   34   16   18   78   55   90   32  146   56  121   93  109 
   17   24   33    2   19    8   28   30    6   13    3   11   14    0    3   12    5   37    8   29    7  158   10  145   35  140   57   22   29   65 
    6   22   12   22   23   44   33   34    3   23   29   14   19   17    0    3   12   30   30    5   23   90   47  164  185   77   36   41  181   54 
   26   14   43   17   17   43    8   13    9   17    7   16   21   15    8    0   18    5   26   16   14   23   13   33  193  120   67   65  123  142 
   15   21    8    7   13   25   36   34   19    7    7    5   34   33   10   17    0   39    6   14   14   19   41   71  177   71   15   33  117  185 
    4   10   32    8   36   18   37   26   27   23   32   13   39   50   12    4    2    0   29   10    7  151    9   68   88   80    9   29   97  119 
   12   10   20    4   27   12   27   30   18    3    4   10   35   30    6   15   14   47    0   32   20   98   34  136   78  112   74   68  154   47 
   31    8   37   15   29   43   25   11   14   25   24   16   19   12    5   10   12    8   14    0    8   59    7   58  162   34   23   94   97  153 
   23    4   38   24   21   32    9   18   14   28   18    8   23    9    6    8    8   27   11    8    0  152   47  118  104   23    8  105   80  161 
   14   23    9   11   29   18   37   15   28   30    6    6   29   33   14   10    2   47   24   20   18    0   31   70  141   31   65  124  241  123 
   14    8   41    9    9   12   33   17   21    6    6   12   14   26    6    4    8   34   37   18   21   45    0  140  183   26   20  147  113   94 
    4   21   47   10   12   13   30   33   14   12    6    3   35   16    3    9    7   45    9   18   20  113   40    0  187  147   57  120   31  127 
   12   20   17   15   33   14    5   33   18   31   16    4   40   25    9   15    2   29   44    6    7  128   28   66    0  138   24   35  131   95 
   14   14   38    9   37   13   39   20   17   28   17   16   31   26   14   13   18   38   42   10   16   97   50  102   98    0   18  124  100   99 
   19   17   41    8   36   24    7   28   15   16   25    6   11   29   10   13    9   36   18   22   11   88   50   27   25  150    0  149   63  104 
   24   17   12   23   29   37   37   18   25    4   31   10   11    7    8   10    6   42   26   16   21   32   54   62  198   86   54    0   85  121 
    7   19   47   16   28   22   18   30    5   22    4   15   17   30   15    3   16   32   20    7   21   16    6  134  106  146   21  175    0  170 
   22    7   47   19   36   37   34   32   17   34   23    1   34   19    8   12   18   17   13   12   12   22   52   61   41  147   28  127   83    0 
    0   17   10   24   20   19    8   15   10   12  221   21   30   28   38  221   40  161   90   12   10   12   15   15   13   17   15    9   28   14 
   11    0   22   15   33   22    7   50   17   25  244   45   70   63  135   99  116  169   60   10    4   27   16    5   35    7   17   15    6   17 
   10   14    0    5    6   13   44   19   20   41  216   91   78   32  133  131   53  133   55   12    4   27    4   18   35   10   14   15   32    6 
    7   44    9    0   33   19   13   11   38    9  123   48   33   44  134   98   44   69   23    5    5   15   17   14   14   12   10   17   11   13 
   21   44   16   47    0   23   45   18   23   43  108   80   19   36  156   59   12  162   74   12   23   17   20   22   26   19   11   15   23   17 
   11   41    4   18    6    0   20   24   23   24  213   27  145   56  108   79   47  171   83    1    3   22    4    8   12    5   11   15   28   17 
   14   33    6    8   25   17    0    5   25   51   32   80  118   40  106  217   72   97   29    2   12    4   19   17   11   37   36   12   29   17 
   18    7    2   22   22   10    9    0   13   34   58   90  164   32  156   29   20   87   96    4   19    5   14   18   10   22   17   19   10   12 
   12   29    3    7   38   10   49   24    0   30  206   48   37   28  148  148   22   34   27   10   26   11   10    8   33   30   32    5   17   18 
   13   21   13   13    4    6   19    7   36    0   96   93  111   31  144   69   95   47   89   10    3   28   11   17   41   16   12    8    8    6 
    8    6    6   28   26   15   35   36   30   45    0  138  163   29   67   47  119  135   65    3   14   11   19   19   38   12   32    6   19   20 
   18   16    3    5   13   21   18    5   23   10  144    0   99   37  164   56   13   99   18    7    8   13   18    6    5   11    4   15    9   22 
   11   17   22   29   29   20   23   32   24   26  205   63    0   43   64   95   23   39   63    7   16   18   13    7    7   18   21   11   22    3 
   13   26    6   41   20    7   24   38   43   21   40  125  152    0  169   57   64  165   83    6   17    8   13   12   40   28   13    2   18   19 
   17   41   13   24    4   20   12   26   37   45   57  105   40   17    0  184   40  193   56   12   13   12   14   22   14   35   17   18   27   14 
   12   40   16   41   33   23   29   26   12   24  132  145  117   45  162    0   99   51   28   11   27   24   20   15   13   19   20    6    6   18 
   14   30   14   35    9   14   27   12   25   35   83   15   24   36  134  209    0   53   39    3    6    4    4    4   39   14   17   11   29   15 
   18   32   15    6   32    7   34   35    8   19  114  137   21   45  123  212   67    0   15    4   10   27    4   11   20   31    5    8   20    4 
   11   46    7   10   27   12   34   22   17   33  168   86   67   17  153  147   32  190    0    8   19   23    3    3   30   22   17    5   24    2 
   10    7   19   47   28   17   11    5   41   25  228   24  167   46  100  184   54  103   58    0   24   27    3   20   38    9   22    4   15   19 
    3   13    9   34   22   12   17   40   20   14   76   99   30   56   49   89   93  142   75    2    0   27    7    2   32   34    4    6    9    7 
    7   22    5   24    9    7   21   17    9   32   45  139   74   61  138  154  120   70   29   10   10    0   14   23   41   21   30   19    4    9 
   16   13   14   55   19   16   14   50   33   45   67  112   68   33   45  107   91   27   45    2   18   27    0   10   11   34   11   16   15   14 
   12   45   15    6   32    5   32   37   25   22  207   41  125   58   66  164  111  101   67   11    3    7   17    0   11    9   14   18   31   14 
    2   32    6   30    4   15   34   30   26   14  265  113  135   30  178   59   49  161   87    9   13    3   20   22    0   28   14   12   13   11 
   15   13   19   19    4   14    5    9   38    6  144   28   48   32   71  170   34   45   81    5   22   18   20   10   10    0   27   10    8   11 
   23   43   21   16   16    7   54   43    6   25   60  119   32   18  164   80   83  189   78    4   26   21   18    3   34   28    0    2   18   12 
   17   31   13   40   41    5   19   34   29   21  220  124  120   51  130  172   67   74   58    9   21   20    5    4   16    9   22    0   24   19 
    4   16   25   51   19   22   38   27   20   15   39  116   40   37   39  124   44  163   64    3   13   28   11   10   20   25   19    7    0   16 
   18   40    5   34   28   10   49    8   22   32  175   83  137   49   90   72   26   82   92    9   11    7   17   18   30   23    5   16   12    0 
    0   17   16   33    8   22   15    8    6   15    4   19   43   26    3    4   13    3    3    2    7   61   93   58   48  222  187   18   67  118 
    7    0   21    7   15    9   10   17   26   26    3   30    9   21    5   31    6    7   17    4   13   59  167   82   66   97  172  128   84   83  
    4    5    0   36   29   14   23    4   11   31   12   19   15    2    7   11    9    6    2   10    9  118  146   78   57  217  120   81   88  201 
    5    9   14    0   40   23   27   19   14   27    6   39   10    4   22   10   17    9   19    5   12  120   43   86   73  184  156   67   89  153 
   18   14    6   32    0   24   15    7   14   31   16   18   49    7    4   20   17    8    3    5    8   66  119   23   68   94   49   49   59   84 
   10   19   11   26   16    0   20   18   18    9   12   46   38    9   24    4   14    6    4    1   10   59  144   77   59  188   68   24  151  192 
    9   14    8   35   42   35    0   15   20   23   14    6   11   12    6   33   39    8   17    4    4  102   27   34   19   60  135  108  107   27 
    9   11   19   21   28   16   17    0   29   36   14   43    8   16    3    6   18    9    8    1    4  113  123   18   51  109  118   16   16  158 
    5   10    6   25   43   56   15   19    0   29    2   42   17   14   23   29   47    3   20    3   13   62  174   57   67  134   51  121   24  201 
   11   11   20   16   40   15   13    9   41    0    3   45   53   15    8   29   14    5    6    6   10   34  167   70   36  201  152   56  144  106 
   11   14   10   29   38   26   24   13    9   42    0   13   12   14   21   18   42    8   16    6    3   70   80   77  103   30  166   85   80   64 
   10    6   16   14   12   28   33    9   11   34    8    0   44    7    3    7   12    6   20    9   12   94   73   35   70  166   84   28   76   88 
   13   23   23   12    5    6   20   14   28   52    8   27    0   21   19   16   34    9    2    8   12   78  193   28   63   68  119  123   95   91 
    6   10   18    5   15   55    9    6   22   29    9   31   14    0    6   33   39    4    6    9    3   55   49   26   97  194   23   53  111   89 
    4   21   11   27   31   18   33   11   39   13    9    8   37   10    0   23   16    8   21    3    8   73  161   29   68   65   28  100  115   97 
   11   13   11   21   34   30   20   12   37   29   12   24    8   17    8    0   29    1    4    9    1   94   55   75   31  107  186   50  151  160 
    4    3   11   30   46   10   20    9   11   52   11   31   27   14   17   27    0    5    4    9    8  102  153   87   86   59   59  125  125   51 
    2   14   17   19    7   16    4   16   29   52    9   17   34    7   33   18   21    0   18    8    6  116   71   87   40   70   57   49   66  213 
    5    8    2   26   26   16   13   19   15   12    7   37   17    3   15    6   29    7    0    5    3   95  147   44   54   24   85  130  121  215 
    8   10   19    8   13   25   31    5   41    8    2   33   13   25   31    6   13    3   18    0    5   68  119   15   49   63   98  127  100  192 
    2   12   20   18   32   39   12    8    7    9    2   30   32   20   33   24   29    8    7    1    0   22   46   75   86  143   24  116  127  210 
   16    6   18   14   52   58   20    3   39   15   13   14   36    6   18   24   31    1    8    7   11    0   74   16   80   92   35   61   78  182 
   17   10   16    9   37   48   11    2   12    8   10   20   23   24   30   19   41    6    3    2    6   65    0   22  110  138   34   56   68  176 
    9   18   21   23   36   58   15   18   24   34    5   44   25   16   30    5   11    5    5    4   13   48  129    0   39  215  102   28  138   93 
    5   12    4   10   24   20   15    6   14   27    9   21   14   25   25   10   22    1   17    8   10   86   62   42    0  189   70  129  127  207 
   17   16    9   33    7   60   21   13   37   41   13   30   11   23   24   23   18    9    5   10    4   28   55   61   23    0   76  102  113   49 
   15   14   15   29   23   19   23    9   21   17    6    7   50   23    4   31   17    5   12   10    9   76  201   88   75   60    0   40  145  149 
    2   19    9   27   19   59    9   18   30   42    8   32   10   27   26   14   17    6   14    6    6   62  168   68   93  176  184    0  118  167 
   15    5   20   25    6    6   28   11   17   28   14   17   29   20   19    5   48    6   16    9   13  100  181   10   69  164  185  107    0   41 
   15    6    5   32   27    7   10    6   16   25   11   24   34    2   33   32   31    9    7    9    4   87   96   49   31   98   96   39   27    0 
    0   13    4   20   12   24   25   10   10   11   11   44   42   58   71   17   73   40  200   94   19   23    4    9   14    3   32   59    3   18 
   21    0   16   21   35   10   30    5   15    2   13   80   42  205   54  144   67   34  143   46   31   16    4   26   21   34   12   12    3   36 
   41   11    0   18   20    8   42   13   17    4   18   34   44   34  187   33   14   61  122   86   34    9    5   37   15   25   23   42    1   20 
   21   23   15    0   19   13   16    4   15    3    7   25   95  172  107   70   38   20  213   45   22   15   14   18   16    7   15   47    3   32 
    6   19   11   22    0    9   32   10   18    4    9  114   67  203  198   99   62    7  207   37   36   22    8    5   22    7   22   24   10   27 
   45   32   14   18   22    0   27   11    7    8    6   30   66  100   40   94   66   49   56  104   12    8    5   32   16    9   23   48   10   13 
   53    8    5   14    8    7    0   11   12    6   22   76  109  240  119  138   58   39  135   30   12   13   12   42   21   10   24   18   12   29 
   21   32    4    5   32    8   41    0    8    8   22  120  112  201   56   91   67   18  249   38   14    3    3   10    7   32   26   24    3   39 
   53   40    2   21   19    5    8    2    0    3    3   84   37  234  159  108   48   23  172  185   40    6   18   10   12   21   19   23    5    8 
   42   33    7   30   20   27   38   10    2    0   20   74   84  206  190   24   94   26  254  163   30   10    5   14    7    9   26   48    3   46 
   23   26   16    4   20   18   42    2    7    9    0  119   64  196   77   79   81   59  234  172   38    6   10   31   26   34   29   30    3    9 
    9   17   18   14   17   26   31    9   15   11    3    0   42  177  104   56  113   28  126  146   12    2    6   36    5   18   12   39    6   31 
   45   32    8   20   11    4   32   12   18   11   11   30    0  150  180  132   48   62   50   62   26    3   17   36   21    4   12   14    9   36 
   46   31   14   29   17    6   33    5    6    9   17   94   89    0   21   29   99   33  129  160    4   11    3   47   12   29   19   31    6   39 
   11   36   12   24   12   13   35   11    2    8    8   81   72  215    0   29   70   61   67   54   28    5    2   33   16   22   12   13    8    5 
    9   24   16   28   29   13   10    1    2   11    4   53  105   48   34    0   73   61  150  147   19   15   16   32   18   23   25   18    2   33 
   41    8    8    6   33   12    9    6   13    5   16  112   13   57   77  151    0   48   78  129   27   18    5   13   15   34   23   67   11   25 
   46   19   15    4   32    4   39    5    9    8   13   31   27  146  194  128   16    0  105  149   37   11   15   37   13   10   22   15   12   25 
   22   25   11    8    8   29   16    2    6   11    6   13   46  154  123   90   96   45    0  106   11   19    6   35   24   33   20    8    7   42 
    7   16   11   21   15   11    9    5    8    7   11  102   13  118   32  113   26   35  216    0   26   12   17   27   15   26   17   11    7   47 
   35   11   17   29   17   21   20    7    2    5   11   58   32  240   79   58   49   21  242   37    0   23    2   12   19   28   26   66   11   32 
   52   11    9   18   30   29   36   10   19    6   22   32   66   46  152   53   44   54  193  109   36    0   11   40   18   12   11   45    5   46 
   24   19    2   22   11   13   21   11   16    6    5  118   80  192   52  144   76   51  129   28   35    4    0   41   23   28   29   27    7   26 
   44   13    2   19   31   13    5    2   12   12   10  114   81   43   23  149   23   42  146  179    9   24    6    0   15    9   32   45   13   16 
   33   27    3   16   12   32   11   10   10    7   24   42   80   73   55   89   57   46   59   53   33   10   19   38    0   14   17   60   11   41 
   15    6    7   27   20   31    5    8   15    9   13  129   57   41   62  147   84   57  163   90   38   20   11   28   18    0   16   10    5   28 
   49   13    1   29    6   10    6   11   17    7    7  104   67   58  120   45   30   30  187  185   23    3    5   22    4   24    0   43    6    4 
   39   28   10   17   35   12   12    8   18    8   26   71   20   28   25  148   89   50  166   86   14   11   12   23   11   35   14    0    8   40 
    6   40   15    9   10    9   32    4    9   10   21  122   72   82  157   38   79    9  168   99   35   22    4   13    8   11   20   27    0   20 
   12   26   12    5   35    5   20    3    3    5   10   65   91  217   84   83  104   17  103  177   34   14   20    7   26   34   15    9   10    0 
  910  973  876  637  584  605  775  524  756  905  701  945  984  546  759  734  812  937  685  761  844  545  742  618  797  763  975  980  670  799 
     