   30 
   10 
    10 
    0   50   98   73   53   73  163   42   89   73  103  168   60   56   16   16   15   12    4   29    8   11    4    6   18    4    8    5   26    2 
   28    0   66   72  106   56  133   69   37   51   16   47   42   20    7   10    5   14   10    3    6    7    7    8   22    9    2   33   17    2 
   81   61    0   93  180   63   70  100   13   39   70   83   55  115    3    4    4   34    8   28   36    7   19   26   27    7   11   37   11    6 
   60  103   78    0   73   86   52   35   33   45   47   65   35   80    5    4    2   24    1    5   22    8    6   20   21   15    8   21    3    4 
   21  114   61   94    0  100  150   21   84   18   16   34   26   45   12    8    7   30    7   18   14   11   12   20   21   16    3   14   11    6 
   50  122   11   11   81    0  131   56   25   45   43  167   60   17   17    3   12   15    3    7   16    2   11   13   22    8    3   16    4    2 
   15  105   99   90   87   91    0   64   80   91  105  116   45  106   14    3   19   34   12   21   20    8   11   19    7   11   17   29    6    5  
   42   29   84   51   38   44  103    0   60   22   97  133   12   41   11    8   15   29    3   30   29    9    7   11   11    8    6   20   11    6  
   81  111   12   72   42   18  168   57    0   58   81   72    7  130   11    3    8   32    3   27   31    2   10   31   11   13    7    9   19    5 
   42   15   38   31   73   95  150   47   89    0   56  128   40   19   11   13   10   17    2   22   26   11    9    5    7    6   12   34   25    2  
   83  137   99   68  149   24  147   45  105   77    0  108   31   34    3   10   11   28    7    4   10    2   13   31   15    2   10   19   13    5  
   63   47   75   26  233   90   88   29  106  122   51    0   25   31    9   15   17   16   10   16   12    7    7    8    5    9   10   11   20    5  
   71  128   99   93   94  121   37   53   44   35   98   31    0  121    3    9   12   25   13   23   17    8    5   26   14    3   14   31   20    3  
   65   31   64   66   53   84   42   89   58   79   48   24   29    0   12    5   12   26    4   16   36    2    8   19   31    6   11   19   20    8  
   28  135   17   41  152   29   80   48   86   26   37   79   43  133    0    8   12   27    2   23   36    3    4   12    8   15   10   16   15   10  
   54  126   21   93  206   62  122   23   29  107   50   77   13  107   15    0    3   27   11   14   34    5    5    7   25    9   18    3   16    5  
   31  115   59   46  132  104   29   38   20   33   72  163   51   25   16   12    0   12   10   17   38    7   18    5    5   10   16   28   17    8  
   71  100   35   54  188   99   35   27  108   15   70  158   45   86    8    3   17    0    6   26   11   11    3    8   25    4    6   15    7    2  
   82   98   70   35   31   79  136   62  100   37   32  100    6   71    4   15   16    8    0    6   20   10   10    5   21    5   10    7   27    8 
   51  146   61   43   31   55   67   23   35   92  106  183   49  101    8   10    3   23   12    0   15    7    7   23   29    3   16   29   12    5 
   50  115   50   68   53   43  117   58   81   23   19  181   17  119    9   11    3   35    8    7    0   11   19   14   29    7   15   15   20    4 
   43  129   86   75  128   58  107   23   75   77   69  145   15  140   10    3   17   31    7   18   33    0    2    3    6    9   17   33   12    4 
   69   80   24   39  122   36   89   20   51   26   50  166   12   87    2   10    4   26    8   19   19   10    0    8   17    4   11   29   13    3 
   46  128   74   53   30   34   28   88   25   21   15   81   58  122    6    6    3   10    2    5    5   11   17    0   18   14    2   29   23    5 
   68   78   33   56   35   87  137   56   89   90   61  135   54   38    4    9   18    3    9   21   13   10    7   27    0    9   14    5   22    1 
   11  151   29   19  215   74  134   38   48   29   83  165    8  132   15   14   19   24    5   22    6    6   17   25   19    0    6    6   26    2 
   58   90   91   31  182   40  104   27   81   47   20   51   50   50    6   11    2   30    9    7    5    4   13   23   30   12    0   35    9    1 
   74   59   10   52   29   44   94   44   58   99   69  140   25  105    7    7   19    7    1   16   12    2   16    7    8   14   11    0   23    8 
   44   50   53   77  140   43  102  103   92  120   42   86   36  129   12    2   12    9    6   22   33    4    4   22   17   17    2   30    0    8 
   30  101   78   84   34  107   60   43   57  116   37  158   39   52    2   13   15   13    3    5   17    3   18   22   18    8   16   35   24    0 
    0   71   32   18  134   58   19   93   94   52   93   94   32   81    7   23    8   19    7   11   12   24   23   18   14   22   25    5   13   21 
  123    0  116  106  185   82   66   62   61   49   38   18   85   49    4    3    3   17    7   30    8    7   12   18    9   18   27   10   19   12 
   33   50    0   86   22   35   57   19   62   37  103   58   56   92    6   15    2   20    9   17    2   23   15    9   19   10   10   14   14   12 
  199   91   84    0  109   43   59   61  129    6   41   43   54   44   11   18    9    5    2    5    3   22   17   25    7    9   12    9   13    6 
   97  137   70   98    0   51   36   40   29   38   35   18   79   51   15    8    7   14   10   13    1   33   14    2   12    2   17    4   11    9 
  128  170  101   66   47    0   22   63   31   51   53   50   38   18   14   26    7   21    6   13    1   19   17   12   12   19    5   15   19   18 
   58  134  132  110  132   32    0   88   68   15   61   75   47   57    3   30    9   10    4   14    6   14   23   10    5   22   24    8    8   21 
  144  111   66   77  149   61   53    0   33   50   86   56   41   15    8   26    5   11    8   18    4   39   12    9   14    4   17   14   15   19 
  189  157  111  153  145   65   71   87    0   23   80   35   98   74   13   31    6   10    1    5    8   32    9   14   18    6    6   11    9   10 
  144  122   40   42  103   11   50   44  140    0   30   65   16   27   13   21    9    9   10   25    5    8    7   11   12    2   21   13   13   17 
  122   70   45  143   31   33   18   35   81   17    0   54   37   82   12   19    7   18   10   33    9   38   12   16   14    6    4    3    2   22 
   30   90  121   93   65   79   20   15   47    9   44    0   89   25   16    4    5   13    8   25    8   21    9   19    3   15   20   15    4   21 
   53   39   63  105  105   50   59   84   62   45   81   79    0   40   15   20    6   22    1   29    9   38   23   11   16   25   18   14   10   21 
   84   73  150  129   87   22   18   88  116   50   75   67   60    0    8   25    9    9    4   25    2    9   11    7    8   13   28   13    5   14  
  176   92   62  152   90   65   70   96   45   10   30  109   25   80    0   14    2   14    2    5    1   18   10   20    5   26    8    6    7   15 
  123   53  126  132  166   10   38   37   93   15   86   96   84   63   13    0    2   21    8   24    8   26    3    6    3   25    8   11   16   13 
   21  122   49  120  136   49   57   21  112   47   29  107   81   14   17    5    0   14    4   23    6   16   20   20    8    9   27   15    5    7 
   83  163   76   71  187   49   61   24   46   22   12   52   74   38    8    5   10    0    5   19   11   25   12    2   17   11   18    5   12   16 
   98   68  102   26   99   44   39   18   21   38   96  100   94   65    7    7    7   23    0   19    2   18   18   25    3    9   10   13    3   22 
  196  142   47  129  179   97   50   25  117   29   88   40   26   94   11   29    6    5    6    0    8   15   11   20   17   22   17    8    5   14 
  164  121  164   51  185   97   57   82  135    5   94   81   41   71    7    4    7    5    9   13    0   35    3   22    8    5   22    9    3   22 
   24   95   25  114  131   19   22   22   62   23   61   80   93   38    7   28    1   14    1    3    5    0   16    7   13   16   15    6    5    4 
  168  153   82  108   48   38   39   73   53   12   31   24   82   31   16    6    3   18    3    7   10   27    0   12   12   15   14   15    3    9 
  156  110   28  153  116   37   45   18   54   42   22  111   25   27   11   22    2   16    2   30    1   24   15    0   11   14   21    4   13    5 
  115   20  128   97  125   37   70   86   57   52  109  102   34   77   11   22    4    4    9    8    5   16   22   18    0   15   29   11   15   12 
  107   50  137   37  105   65   76   17   52   28  107  116   89   76    8   28    8    8    1   24   11    9   16    6    5    0   24    3   12   15 
  178   41   54   47   85   51   38   87   91   42   27   18   13   76   14   23    4   17    5   18    6    8   13   21    4    8    0   14   16   10 
   29   54  159   33   74   94   71   39   67   27   84   53   20   28   12   26    8   13    1   27    8   11    5   24   17    7   18    0    8    4 
  126  156  121   21   57   10   65   81   53   21   94   55   76   37   10   17    1   19    2   13    2   19   17   10    9   21    6   10    0    5 
   90   48   27  131   92   74   84   25  143   12   62   47   44   29   12   16    4   20    7    5    3   39   14    5   18    4   21   15   18    0 
    0  115   26   67   66  157   15   21   27  138   69  124   44   49    6   12   20   16   11    3   27    5   14    5   30   21   24    5   11   24 
   26    0   31   22   54  176   13   28   10  148   20   51   17  110   11    2    3   10   22    7   27    4   27   11    8   17   26    6    8   25 
  107   31    0   38  190   34  103   12   48  148   75   85   29  112   25    3   18    6   15    5   21    6   18    5   16   33    5    7    2   19 
  114  147   40    0  165  149   46   46   14   93   63  126   62   58   12    8   18   14    7   16   27    4   26    5   12   17   26    4    3   17 
   52   27   32   66    0   36   99   78   20  135   23   77   59   85   28    7    3    3   10    8   30   11   15    2   13    6   13    7   16   28 
   80  105   31   19  101    0   37   51   63  139   46  133   28   24   40    9   13   15   21   12   14    8    8    8    8    6   25   10   14   26 
   87   38   56   46  173  177    0   53   45   96   87  142   59   99   32    6    7   10   26   20   23    2    7    3   24   33   20    8   10   28 
   54  110   41   44   93   69   72    0   54  129   75   25   36   69   23    1    6   12   25   16   32   11   12    2   10   30   15    5    8    4 
  109   90   47    9   93   29   91   67    0   34   85   26   28  123   12    6    3    7   25   15   15    2   10    7    8   20    6    7    3   16 
   34   98   15   54  183   27   24   64   34    0   80   20   38   84   14    6   19   16   19    2   30    9    3    7   18   25   29    4   12   17 
  106  185   41   45   88   94   23   30   57  141    0   87   12  123    6    3   11   12   10   23   13    5   25    2    4   30   10   11   11   22 
  120  176   56   16   54  153   61   42   62   99   51    0   62   59   31    7   11    3   25   20   11    9   13    3    4   18   12    4   15    9 
   92  170   32   45  191   20   69   29   38  139   15   74    0  118   16    9   18   16    4   22    8    7   37    1    3   15   22   11   11    6 
   85  116    9   32   93   96   20   59   34   36   85  141   19    0   39   15    5   14   11    4    9    8   35    6    6   34   30   10    7   12 
   32   96   35   29  186   70   73   51   25   55   11   50   21   88    0    2   11   11   23   20   31    9   15    3    7   28   18   11    7   20 
   19  153   27   14   37  121   69   93   29   76   86   82   25  111   36    0    4    7   17   13    3    8   21   10   21   22   18    9   16   13 
   85  175   43   59   28   68   58   36   61  122   70  109   51   79   39   12    0   12    7    3   31   12   16    7    8   29   13   11    1   18 
  130  135   30   50  202  127   97   75    7   63   14  153   30   26   28    2   11    0    8   19   25    2   18    1   18   21   11    1    3   14 
  134  113   35    8   35  126   24   30   35   40   86  105   17   17   14   14   18   16    0   18    8   11   36    7   19   34   13    5   14   13 
  131   44   12   58  118  162   16   74   27  138   23   50   22   82   39   11    9   10    7    0   12   13   14   11   16   31   30    9   10   16 
  102  148   20   61   79   90   54   13   30   73   81  102   22  125   32    6    2    3   21   21    0    6    9   10    3   10   30    7   14    7 
   61   86   40   55  115  133   64  101   11  106   24  108   26   25   14    5    4    7   18    3    7    0   28    7   22   24   11    6    9   23 
   67  190   26   32  150   32   22   22   23  150   84   31   46  106   13   10    8    3    5   19   11   13    0    4    5   18   12    9   16   12 
   20  194   23   37  146  140   73   67   53  109   72   91   43  101   12    4   12   13   18   13    6   10   26    0    8   31   28    2   11   11 
  127   95   21   36   87   94   38   88   63  121   75  116   51   93   17   11    6    9   19   13   15    8    9   10    0   13   27    7   13    3 
   14  105   47    9   47  122   37   82   47  102   77  108   63   35   20    8   19    9   23   22    8    6   31    1   10    0   24    7    6    7 
   34  189   50   34  127  109   39  107   25   40   11  112   25   30    7    3    4    5   18   10    5    9    8    2   27   20    0    7   14   17 
   94  171    9   46   55   81   49   89   37  127   22   57   59  119    7   12    3   11   11   14   11   14    6    2   13   29   29    0    3   13 
   38   35   19   60   71   38   97   80   24  108   17   25   54   13   19    4   18    5   25    6   20    4   15    3   26   34   30    6    0   11 
   43   32   45   31  101  164  100   19   13  101   55  126   48   85   34    4    9    5   11    5   21   10   32    4   10   33   17    9   14    0 
    0   91   46   46  114   25   80  123  138   79   62  109   66  153    9   25    5   15   15    4    2    5    7   18   15   22    8    5   13   30 
   33    0   54   67  111   80   22   56  145  156   85  111   37   76    4    4   11    7   17   12    6   14   15   26   31   17    3    6   19    7 
  107   78    0   39   79  101   89   81   27  110   96  133   59   46   11   10    7   16   10    9    6    8    9    5   18   22   16    4   12   22 
   71  113   92    0  128   46  141  126   83   34   69   16   38   27    3   19    3    4   18    7    4   30    7   18   24   21   14    4   10    7 
  171   24   32   21    0   77   49   30  129   17   60   55   17  138   10   17   12   14   22    6    5   11    3   21    3    6    9    5   23   10 
  145   98   84   12   44    0  154   68  102   50   32   58   71  103    5   29    9    7   12    4    1   22   12   19   15    6    3    1   26    5 
   24  138   36   17   65   85    0  155  122   28   80   30   43   69   10   25    4    7    8   12    3   27   15    5    4    9   19    7   17   14 
  161   75   27   23   90   59   41    0   39  172   67   87   70  158   10   29   15   11    8    9    1   10    5    2   29    7   16    5   18   32 
  112   22   46   24   31   33   31  121    0   18   52   27   12  117   10    9    4    2   21    9    2   34   10   24   10    5   10    2   13   15 
   81   22   96   52   30   67  136  107   83    0   29  116   20   59    5   16    2   12    9   13    2   14    6   23   17   10    7    0   12   16  
   57   49   59   34   65   17  124   32   87  143    0   33   27   80   11   20   12    4    9   13    2   23   16   14    5   22    5    2   15    6  
  158   23   47   31   97   46  175  101   85   46   91    0   70  167    6   14   11    9   27    3    1    4    4   14   10   12    4    7   14   15  
   45  101   71   29   47   72   46   82   66  109   20   23    0  105    5    7   11    4    8   12    6   31    4   22   30    7   15    1   23   26  
  121   51  100   67  133   99   64   84   24  106   67   70   41    0   10   30   11   13   26    9    7   32    6   22   19    8   16    4   24   13  
   54   21   26   31   20   63   65   90   82   98   12   87   31   68    0   28   14   15   26    4    7   26    7    6   16   16   17    7    2   17  
   63   31   14   26   19   95   19  132   76   32   94   37   70   59    5    0    8   14   17   11    6   16   14   15   18   20    5    3   13    5  
   40   51   10   24  123   23  136  112  154  116   44   35   63  142    5    4    0    4   20   12    7   23   14   16   12   21   14    2   15   29 
  140  109   50   32   31   30   77  115   79  107   79   16   39   87    6   15    6    0   17    6    8   28   10    7   19   17   12    7   20    7  
   59   37   24    7   86   78   89   64  169   50   74  101   63  130    7   22    7    8    0    2    3   33   14   22    5    5   14    6   16   29 
  124   46   36   62  117   84   92   55   64   65   79   36   49   36    3   18    4   17    4    0    1   10   12   25   24    6   12    7   19    5 
   31   59   45   19   27   63   29  156   87   26   49   49   66  113    4    7    5    4    3   12    0   12    7   14    4    3    8    8   27   25 
   26   33   99   66   48   45   73   23  169  102   34  124   37   57    2   27    7   10   20    1    2    0    6   25   12    8   16    7   22    8 
  103   60   98   31   52   94  153   50   67   39   15   19   40   54    7    8    4   14    3    6    7    8    0   18   15   11    6    4   26    6 
  119  146  102   40  100   38   65  146  159   51   57   74   13   32    9   24    8   10    6    2    4    6    4    0   30   22    2    4    3   30 
  162  160   87   67   48   12   40  155   50   59   57  119   11  124    9    8   11    7   15    6    5   37    6    4    0   18   15    3   12   16 
   86   91   58   21   30  105  181   57   24   46   62  100   32  161    3   17    9   12    3    5    3   24    8    2   26    0   10    3    7    5 
   70   44   32   10  139   71   64   77  140  141  102  106   48   39    1    4   13   10   22    2    2    4    7   20   28   15    0    1    4   16 
   83  124  102   32  108   60  104  100   30  131   55   41   73  122    7   13   13   17   11    3    1   22    5   24   20   10    5    0    3   26 
  134  122   64   68  127   36   63   37  132   21   14  137   44  142    4   29   16    8    8    3    5   15   10   19   26   11   12    1    0    7 
  167   87   59   39   33   23  149   22  140   24   22   55   72   36   10   23    7   12   11    8    1   14   10    6   19   14   14    4   15    0 
    0   12    6    5   16    3   23   23    8   21    2    7   21   12   93  140   39  164   31   73  102   40   42   86  115   64  141   50   10   86 
    7    0    9    3    2    1   36   34   15   20   10   16   30   12   77   90   56  156   41   65   80    9   43   27  102   57  111   36    8  104 
   22   13    0    2    2    5   16    8   15   15   10   10   16   10   26   85   32   90   22   75   84   15   10  114   30   60   34   42   51   22  
   40   10    3    0    3    1   28    9   16    8    1   11   43   14  109  117   44  101   45   71   22   27   87  173   20  132   29   41   48   19  
   41    2    4    8    0    1   17    6   10   14    6   23   21   24  124   73   91   55   23   35   92   34   64  172  114   71   58   49    8   46  
   26    8   10    7    9    0   20   14   18   16    4   10   25   19  119   78   36  126   20   17   86   25   39   98  136  119  155   61   39   70  
   22    2    6    3    5    4    0   26   15   12    7   27   31    8   43  127   43   99   44   45   25   34   74  128  123   36   41   59   54   92  
   44   10    2    7   13    6    6    0    9   22    7   19    7   19   95   60   66  111   41   22   28   29   89  178   46   61  106   66   32   28  
   40    9    2    5    8   10    6    4    0   21    6   25   12   13   88   31   67  125   25   64   78   29   30   41   36   83   93   24   63   32  
   14   13    8    1    4   10   12   21    8    0   10   20   18   13   24   90   81   16   30   25   83   12   42  106  107   89  105    8   65   32  
   44   12    9    5    5    4    7   19   10    4    0   19   26   21   41  135   13  150   34   50  107   27   17  141  136   50  147   63   66   80  
   42    3    4    4    7    1   27   28   18    3    8    0   39   21   81   37   30  144   47   12   25   35   56   81  141   19  155   56   18   12   
    7   13    8    7    6   10   24    6    3    6    9   26    0   19  110   61   25   54   17   24   38   14   86   78   96   29   39   35    9   15   
   20    2    7    1    2    2    6   11    8   17    3   27   22    0  114   34   45   98   30   69   94   21   84  193  116  110   26   28   49   52  
   15    9   10    5   11    9   22   32   16   22    6   11   29    4    0  127   95  123    5   17   19   37   39  161  158  133   38   57   19   97  
   43   13    4    5    8    2    7   24   11   22    7    9    9   16   77    0   35  140   31   23   54   24   69   40   45   49   65   36   34   11 
    8   13    7    7   10   11   30   33   18   15    5   26   29    8   36   69    0   28   43   65   32   31   11  147   31   25  152   16   71   93 
   20    4   10    5   16    2   21   15   12   20    8    9   23    2  112  148   58    0   19   45   84   25   37  103   37  108  107    7   14   70 
    6   12    6    6    2    8   31    9   10    4    9   11   17   23   58   83   84   43    0   62   77   26   21  205   63   95   38   17   33   35  
    7    4    2    5   15    8    5   30    7    3    5    6   32    3   93   55   10   63   21    0   14   39   23   73  101   83  130   63   32   62  
   22    3    3    6   10   10   38   26   18   10   10   25   38   21   52   44   76  133   42   41    0   35   60   34   73   52   27   11   38  103  
   24    3    6    3    8    8   30   17   10    5   11   24   10   11  119   80   47  111   19   19   83    0   71   50  147   67  150   20   15   80  
    4   11   14    7   12    4   16   11   12    9    8   14   23    3   31   68   28  167   48   71   83   39    0  162   26   81  103   21   58   98  
   21    6    2    6   16    2   18   13   15   14    6   11   11    6  135   26   39   69   42   18   21    5   11    0  169  100  137   46   52   92  
   20   13   11    1   12    3   21   14   16   14    6   20   38    9   75  141   29  150   19   17   90   16   43   58    0   42   50   41   64   93  
   16    9    5    2    7    7   22   21    7   11   10   21   37   11   47   43   31  137   17   13   26   20   56   48  171    0  123    8   17  109  
   37    1   10    4   11   10   20   30    6    9    3    3    6   16  106   46   23  121   19   37   80   11   76   82   49  125    0   32   13   21  
   10    1   12    4    2    6   11   13   10   10    2   13   10   18   17  103   25  125   30   68   71    4   55   55  109   55  135    0    9   97  
   19   10   11    3   10    3    4   31    8    3    8    4   30   17   67   20   55  167   23   50   12   38   40   85   25   85   79   47    0  101  
   18   10   10    6   15    1   37   33   19   18    7    9   23   13   17   95   66   66   13   45   69   23   31   30  140  134   73   39   28    0  
    0    9    6   13   27   19   20    8   10   17   22    8    2    5   29   71    9   20   12   24   61   44   34  120   33  121   44   94  106   61  
    3    0   11   16   12    9   17    9   13   12   32    3   15    1   22   11   20   36   28   42   74   18   18   50   84  112   14   24   71   54  
   10    8    0   15   17   21   17    3    7   23   14   26    7    3   52   26   85   90   65   16  171   63   41   90   60  118   19   86  125   19  
    3   15   14    0    6   18   21   11    5    4   18   15   14    2   15   23   74   46   40   36   38   33   32  114   11  117   25   29  115   57 
    7    3    7   17    0   16   24   11    8   26   26   11    2    9   90   72   84  112   63   55   74   68   46   31   20   42   60  124   55   37 
    3   13   11   20   17    0   26    7   15    6   32   26    3    6   28   33   95   26   32  135   61   84   13   61   85   71   77  114   63   61 
    2   10   10    3   12   15    0   10    7   24    4   14   11    4   16   17   85   62   28  111  134   54   44   80   31   20   23   83   78   26 
    3    5    9   10   20    8    4    0   20    6   17   23    3    7   14   24   72   58   64   93   31   68    7  113   67   50   14  111   49   41 
    8   22   16    6    9   18   10    5    0   21   35   28    9   10  101  101   86   68   43   47  224   40   32   14  106   71   53   95  121   45  
    9   10   22   19    5   19    4   11   18    0   23   26   13    3   14   93   23   31   89  138  111   47   30   58   66   20   59   25   88   61  
   12   16    5    7    6   12   28    5   17   25    0   16   11    4   32   67   74   36   82  106   96   54   27   47   13   86   23   61   69   52  
    9    3   22    8   10    7   30   12    4   14   25    0   14    6   57   18   29   59   46  111  216   82   11  113   45   23   23   59   26   30  
   11    8   15   22    7    7    6    1   24   18   20   21    0    9   60   54   33   91   82   16  127   88   19   98   66   84   69   98   48   33  
    4   11    9   12   18   32   26    6   21   21    9    4    7    0   88   59   74  111   56  141  133   76   30  124   69   78   26   80   52   59  
    7    5   18   13   18   32   11    4   10   22   23   29   12    6    0   35   74   72   16   75  198   32   33  110   11   76   70  131   83   12  
    8   10    6   18   19   25   14   10    8   20    8    5   10    5   35    0   39   25  103   94  110   78   20   17   42   57    8   19  126   50  
    3    5   19   10    7    6   29    5   24   22   30   12   13    2   79   16    0   85   62  123  163   31   42   65   36   82   49   66   42   25  
   10   10    9    9   21   14   30   11   23   15   34    5    8    5   86  100   87    0   62   93   40   81   46   95   84   61   29  121  106   44  
    5   14   14   19   25    9   13    7   19   25   13   24    5    2   43   97   48   68    0   20  200   57   44   21   31   29   30   90   48   21 
    6   16   10    6    8   30    9    9   25   11   33   26    7   10  102   44   35   79  103    0  201   62   30   42   97   18   55   63  115   40 
    4   15   12   11   21    5   30   12   11   23   26   19    4   11   85   35   71   19   51   54    0   78   14   72   18   39   61  105   67   49 
    6    8   11   15   10   11   31    9   15   25   22   21    1    6   86  104   27   41   31   38  142    0   34   68  106   39   36   31   86   46 
    8   25   11   23   10   16    5    3   14   18    8   19   11    3   40   11   42   96   26  124   83   35    0   91   90  120   42   21  105   55 
    1   12    5    6    9   14    8   12    4   14   36   21    8    3   11   47   87   47   70  135  118   63   12    0   46   93   76   18  123   31 
    5   14    5    2   20   29   27    9    7    8   15    3    4   10   58   64   90   48   87  160  205   57   26  103    0   98   11   43   26   20 
    9   15   14   11   26    9   25   11    7    7   23    5    1    1   64   67   77   49   35  134   44   55   36   75   73    0   50  111   81   64 
    9   12    9    8   23   26   27    4   10    8   26    5    2    7   78   68   27   24   58   81  169   86   34  122   30   56    0  131   23   30 
    8   10    4    5   16   29   10    7   12   13   29   21    5    3   54   49   70   60   72  146   48   25   29   58  105   69   32    0  115   59 
   12   18    2    7   22    9   28    7   13   26   15    5   12    2   38   35   37   62   47  132   73   14    4  125  101   87   49  110    0   40 
    4    3   24    4   15   18   32    7   12   25   22   22    2   10   36   81   32  109   51  134   44   36   39   22   68  114   41   26   85    0 
    0   42   18    2   20   15   15   30   18   34   22    9   23   14   45   32   21   21   73   73   24   93   19   85   70   46  101   29  149   88 
    5    0   23    9    8    9    6   10    4   30   21    7   19   17   40   11   25   32   54    9   36   32   32  165  109   67   35   27   83   99 
   20    5    0    9   17   10   14   17   16   19   11    9   33   13  115   30   52   35   41   48   26  123    6  147  123   36  101   56   18  108 
   16   37   21    0   15   25   16   27   13   17    9    6    9   12   46   34   80   34  138   47   58   96    6  158   97   31   63   78   68  122 
   10   16    4    5    0   18    5    4   19   29   16   10   33    6   56   46   14   22   69   67   17  147   35  162   82   56   35   59  156   32 
   13   17   15   12   13    0   14   12   16   31   20    4   23   25  119   45   27   38  103   29   21  134   26  136  134   16   40   90   82  110 
   18   14   25    5   17   13    0   20   18    8    8    5   29   24   64   43   23   27   89   51   10  133   39   27  147   46   80   61   79   40 
   12   14   13    5   22    2    6    0   11   33    9    3   10   13   68    9   83   19   78   31   25  147   15  130   28   64   54  145   94  116 
    7   12   27    1   29   11   11   16    0   36   15   13   23    7  106   51   15   34  122   13   10   64   37   85   83   57   74   68  112   91 
   10   15    9    7   19    5    9    8   21    0    5   12   25   16   46   41   31    9   96   55   27   44   24   71  143   24   99   24  102   57 
   11    8    7    9   21   12    8   12   20   13    0    1    6   15   52   49   47   31   84   17   11   97   29  118  137   37   19   97   23   93 
   18   32    4    8   20    4    2    6   17   31   20    0   10   18   22   34   18    7   57   58    7  146   21   28   42   49   65   60   41   50 
   18   11   16    9   16   11    9   18   23    9   11   12    0   10   71   12   29    8  144   36   53   18   34  213   50   60   56   28   49  101 
    5   15   27    8   16    4   13   28   21   36    7   14    6    0   96   43    9   28  116   43   46  100   31  206   93   49  112   68  163   52 
   22   29    5    8    5   24   16   19   14   13    7    4    7   24    0   35   66    8  138   67   33  150   35  115  113   50   20  117   64   72 
   18   16   29   11   24    5   17   18    7   22   18    3   14    4  115    0   47   23   68    8   38  118   27   32   54   65   63  135   61   83 
    7   13   11    5   16   21    5   17    9   29   22    5   33   13  103    6    0   38   28   52   23  102   13  115  126   22   62   51   21  120 
    4   26   11    4   13   19    5    6   15   20   23    4    9   11  100    9   66    0  108   34   66   30   15   54   29   47   75   52  113   75 
   16   28   32    6    8    7   10   21   14   17   18   10   25   21   86    6   46   22    0   57   35   60   19   48  103   28   63  159  153   17 
    5   31   29    2   35   15    3    9   13   23   19   11    9   30  107   12   75   17   77    0   63  107   39   83   73   31   80   35   31  102 
    7   16   20    1   20   24   17   19   16   23   17    7   43   27   91   51   24   25   88   68    0   60   39   41   20   51   28   96   93  118 
   22    4   25   11   11   23    8   21   16   21   20   12   19    5   83   23   38    9   78   22   19    0   23  128   84   55  108   60  155   77 
   18    6   15    8    8   15    9   18    7   12   22    3   20   28  105    7   70   18   87   36   17   93    0  172   52   60  114  114   91   56 
   13   34   17    3   18   14   18   14    4   29   13    1   33   24   40   38   21   31   42   40   31  142    8    0  153   57   33   63  155   16 
   20   37   33   10   13   13    4   11    8   34    8    8   27    8   57    7   26   14   95   49   12   74   37   43    0   12   25  157   32   17 
    7   34   17   11   34    2   14   10    4   23    9    9   25   29  113   39   81   35   28   48   51  150   31   72  100    0   41  100   42   59 
    6   17   31   12   16   15    8   10   11    8   18   14   12   24   65    9   38   18  139   46   54   17    6   39   78    7    0   37  161   98 
    2   32   18    1   13    6    3   31   15   15   22    2   41   27   54   53   24   42   28   68    9  126   37   73   58   54   28    0   47   19 
    6   35   24    9   20   15    8   11   22    4   17   12   44   18   27   54   63   11   25   63   35   25   27   78   96   28   94   32    0   87 
   21    6    6   10   31   17   14   11   17   36   11   13   20   13   83   22   37   40  115   37   61  102   13  117   36   22   59  133   51    0 
    0   25    9   15   10    7   12   19   26    7    4   33    5   18   39  113   49  109   26  106   80   40   29   87   41  129  148   73    9   30 
   10    0   12   17   10    5    9   24    4    9    5   31    2   15   40   16   11   31   88   42   40  123  117   16    6   22   18   73   21  101 
   19   18    0   24    5    4   25   12   24    8    4   36    4   20   22   24   32   69   39   71   66  113   37   54   19  147  153   41   11   98 
   23   21    5    0   12    5   28   26    7    6    1   10    5   14   58  116   66  108   25   66   40   41   51   64   32  127  151   91   32   75 
   16   19    1   16    0    7   16   21   12    2    2    9   10   22   35   18   57  102   88   80   33   75  128   48   16  155  111   98   26   73 
   26    4    2    5    5    0   30   10   18    5    2   19    2   16   24   93   77   65   81   67   19  168  137   85   14   38   77   54   26   59 
   22    7   10    6    3    4    0   20   26   10    2   24    6    5   81   84   68   23   19   86   23  129   34   15    9   47  117   53    6   71 
   12   15    2    4   15    2   10    0   28    1    8   13   10    5   35   87   79   92   30   36   40   99  108   69   32  162   30  114   21  108 
    4   26   15    5   15    5    9   13    0    3    7   11    4    8   30   33   32   85   64   91   11  146  111   79   34  132   97   36   27   72 
   26   16    6    8    6    5   15   16   29    0    1   31   10    4   21   65   13   24   60   41   68   32  124   84   38   85   24  110   18  104 
    8   21    5    4   16    6    8    4   21    7    0    5    8   24   15   57   96   34   68   48   66  156  128   58   28  143   58   28   21   94 
   22   15    3   18    2    7   29    7   10    7    6    0    3   15   41   85   50   59   22   52   75  160   30   75    4   95  100   61   13   44 
   12    6   10   29    8    2   18   17   20    3    8    5    0   17   33   95   68   86   45   37   60   25  153   94   38   59   71   48   35   68 
   12   25   10    9    2    6   10   17   24    4    7   24    8    0   78   83   58  114   70   16   88  127  111   89   15   77   19   41   31   93 
   21    9    7   10   10    3    6   24   28    8    5   14   10    8    0   87   82   43   98   73   14  122  117   50   20   58  106   29   35   92  
   18   14   12   14   11    5   26   21   19   12    3   35   11    5   13    0   75   86   78  106   15   34   47   31   17  119  128   78   29   56 
   25    8    5   10    7    1   31    4    4   11    8   23    9    3   82   13    0   15   34   59   36  102   61   89    5   79   42   20    6   29 
   19   20   11   25    5    5   30    9   14    8    0   10    2    7   22   30   24    0   84   25   11  145   32   60   30   59  113   59   35  104 
   22   23   13    8    6    7   30    4   26    4    6   34    3   25   74   94   26   65    0   53   85  155  151   43   25  108   24   85   16   47 
   14   18   15   20    7    8   32   24    4    7    4    8    1   25   35   34   47   77   35    0   94  163  147   16    7   99  120   69   12  106 
   20   18   14   31    3    8   22   30   10    1    7   37    4   12   13   81   92   45   52   36    0   27  154   97   32   27   94   20    8   78 
   27   12    2   26   17    1   10    9   12    6    3    7    7   23   70  101   87   18   78  113   87    0   65   91    6  152   38  102   33   52 
   21   16   14    3   13    2   15   34   12    7    8   15    3   17   51   56   51   39   78   23   77  160    0   99   12   45   31   79   32   58 
   16   15    6   33    3    1    6   32   29   11    0   21    7    4   94   71   21  117   96   40   90  144  118    0   36   96   39  105   32   16 
   28   10   14   28    4    2   11   26   20    5    4   37    6   22   82   42   92   13   13   72   96  133   19   11    0  101   90  112   25   37 
   22   12    8   21    2    6   13   31    9    3    4   22   10   15   60   26   13   46   26   77   89  137   69   53   19    0   69   36   16  104 
   17    9    3    7   16    4   31   17   28   11    6   11    1   21   93   81   74   15   97   39   68  137  120   20   30  129    0   43   30   47 
   24   19    4   22    5    5    5   25   17    2    0   21    8   10   40   57   58   25   52   71   93   31   92   11   12  109   54    0   24   62 
   18   25   12   20    7    7   13   19   23    5    6   21   11   11   67   46   10   67   87   74   22   25  147   39   39   28   89   39    0  109 
    6   19    8   32    7    7   11   27   29    7    4    9    7   14   26   29   70  111   83   15   81  128  107   64   29   67   93   93   27    0 
    0   12   21   25    3   10   22   35    2    1   14    5   18    6   38   60   34   19   82   67   38   15   22   34  191   50   44   23   26   74 
    7    0   22    5    7    6   25   36    9   12   31   25   10    5  106   46   46   64   76   52   23   17   10   32  126   50  100  107   31  128 
    8   22    0   27    6   13   11   28    3    2   23   21   13   16  130   14   37   11    9   56   64   31   78    7   81   91   79   30   31  116 
    3    5   20    0    5    7   12   13    8    4   14   10   16   11   94   51   78   35   71   58   51   18   25    8  140  141   43   53   59   88 
   12   30   22   10    0   18   29   22   12   13   30   20    3    4   60   47   21   10   37   36   87   28   43   10   27   65   51   87   29   26 
    3   23    9   28    7    0   16   30    6    9    8   18    8   16  143   41   55   72   27   41   74   37   75   47  185   20   63   76   28   75 
    6   23    8    9    2   14    0   34    4   11   27    7   12   18   44   17   90   48   69   68   50   58   17   25   44   43   23   53   96  100 
   10   28    7    3   10   23   34    0    8    3   15   24   11   22  168   27   40   37   27   68   67   50   47   21  101  123   56  142   84  111 
    6   16   14   33   10   16   19    6    0    3   16    9    7    3  171   77   80   34   21   24   13   48   64    8  213  154   77  112   13  141 
    4   20    5   23    7    6   24   13    9    0   19   15   17    3   79   19   39   23   11   40   28   60   64   33  245   83   15   80  102   89 
   12   33    2   24    2   23   20   31    4   14    0   25   10   25   34   30   16   62   76   31   27   36   44   37  234  133   17   69   53   35 
    1   27    8   31    7    6   19   13   10   14   11    0   18   15  157   79   80   12   10   53   61   50   59    6   63   71   44   46   79   26 
    8   32   14    9    4   17   19   11   11   10   19    5    0   11   53   66   40   40   87   28   37   17   73   24  147  133  103  124   83   70 
    6   37   10   33    2   25   10   33   11    6   23   20    5    0  149   43   68   65   37   23   76   33   37   47  109  168  104   48   19   84 
    9    5   10   24    9   20   31   26    6    4   19   20   24    4    0   22   74   61   31   63   50   12   83   14   44   79   85   39   80  130 
    6   25   22    9   13   12   36   24    3    5   11    8   19    4   29    0   65   42   52   61   64   27   51   51   76  150   60  140   12   90 
    5   36   11   28    2    4   36    5    5    3    9   11   26   15  112   42    0   66   24   36   85   50   23   52   33  155   41   15   33   64 
    5   10    3   20   13    5   34   31    8    9   22   14   20   11  118   77   53    0   93   40   72   49   84   10  204   66   15  146  102  122 
    4   27   21   30   13   26   16   11   13    9   14   19   12   23  125   56   36   69    0   52   75   53   43   19  104   85   76   18   98   62 
    7   25   12   15    8   21    7   21    8    2    7   14   28    4   62   44   22   71   55    0   64   35   20   22   72   69   41   89   85  143 
   13   30   17    9    9   12    4   27    4   11   24   23   10   25  110   14   57   40   59   27    0   17   35    7   31  174   57  144   97  106 
    5   29   21   32   11   26   26    4   13    9   24   22   31    9  138   63   21    9   18   43   60    0   15   50  140   60   33   62   15  108 
    4   29   21   21    1   15   23   38   10    6   26   20   22   11  184   75   28   31   27   64   65   14    0   40  149   63   80  107   24   25 
    9   12   22   18   13    3   16   17    9   13    5   15   26   17  179    9   13   31   13   50   28   19   50    0  118   94   49   65   89   63 
   14   22   15   19    8   12   12   27    3    7   14    6   16   12  121   19   71   18   30   31   68   54   20   17    0  171   79   99   76  140 
    6   11   17    5    7   14   12   21   12    3   22    7    8   21  122   78   55   54   50   37   15   47   36   42  161    0   89  107   16   18 
   13   10   14   14    2   25   36   24    4   11   18   25   27   10   75   38   71   34   32   33   60   16   57    5   34  119    0  103  101  112 
   14   14    3    7   14   26   23   35   10   12   22   17    4   21  122   15   62   36   41   28   72   19   59   16  121  107   15    0   22  132 
    4   15    3    8   14   25   34   14    3   11   12   24    8   15  153   35   88   19   40    7   37   28   73   45  106  106   22   86    0   68 
    2   23   14    7   13   23   19   22   13   14    3   22    3   15  115   46   41   54   40   62   17   34   78   29  120   39   47   16   47    0 
    0   14    2   25   15   13    2    8   12   16    6    6   16    9  160   85    7   15  106  137   38   40   36   63   63   59  116  118   20   38 
    7    0    7    3   20   16   10   11    5   27    6    8   10   20   27   56   76   43   81   64   93   74   42   14   67   88   20   86   55   20 
   12    5    0    8    6   15   13   22    4    8    4   29    7   14   26  117   43   11   94   96   86   59   32   11   20   12   77   19  106   31 
    3   17   14    0   15   11   15   20    8   20    7    7   15   18   21   83   50   57  101   61   11   39   38   57  104  109   81  106  127   59 
   26    6   15   11    0    8    3   10   10   14    6   19   10    5  169  132   50   34   75   63   62   19   68   26   72   23   84   35   42   97 
   24   11   14   25   19    0   16   14    9    4    2   30   16    9   23   74   13   30   99  103   96   76   51   38  164   23  112  118  111   78 
   25    3   10    4   21   22    0   24    1   18    5   13   10    3   71  136   15   21   24   18   57   28   75   45  140   58   63   62   73  105 
   14   14   15   10   24   10   12    0    5   23    5   10   14    6   76   57   16   83   98   59   71   93   48   51   47  104   34   39  109   18 
   14    3    6   19    9    5   16   27    0   26    2   27   11    3  142   80   11   77  119  122   54   12   11   27   20  102   73  116   61   83 
   19   13   12   18    9   18    9   22    7    0    4   17   11   11   96  131   32   86  148   67   57   44   76   59   68   57  112   74  119   44 
    8   10    8    4    7    7    6    3   12   18    0    7    3   13  101   84   64   56   60   99   58   61   12   12  149   16   78   55   46   37 
   13   16    6   24    8   25    1   26   12    8    2    0   22   10  133  109   67   92   94   21   88   18   21   33   26   37   62   33   81   35 
   25   11    9    8   25   20   16   20   12   26    4   26    0   18   87   48   20   47  154   83   60   75   22   51   98  113   80   94   73   46 
   18   14   13   27   21   23    9   10    3   11    4   21   19    0   27   71   17   84  144   47   95   37   19   11  107   23   67   89   47  106 
    9   14    3   14   23   22   11   19    8   10    3    8    8   10    0   96   60   11  155  131   92   10   61   12   84  104   42   99  104   66 
   24    2   21   11    8   10   11   18    6   24    3   26   11    8   92    0   72   83   18   22   12   63   65   29  149  104   46   46  105   86 
   24    2   11   21   21   16    5    8    8   17    4    5   20    9  163   29    0   24  133   83   96   75   28   21   65   35   32   80  135   13 
    8    9   16    5   19   17    9    6   11   26    1    7   10   10  103   73   33    0   51   33   25   34   21   33   19   80   86   27   48   35 
    3   16    5   19   14   17   15   21   12   13    5    3   17   17   68  117   15   82    0   64   52   93   63   42  159   63   62   45  119   51 
   21    7   20    5   12   13    7   16    1   19    5    6   16    2  168   44   72   44  156    0   98   39   37   40   55   79   81   28  110   28 
   24   18    7   11   20    9   10    9   10   14    1   22   22    8   28   66   76   75   54  139    0   52   26   41  105   35   31   58   34   67 
   19   10    8   23   21   10   15   14    9   27    2   24   14    5  113  105   43   34   28   59   11    0   32   15  139   67   65   61   51   11 
    5    8   18   24   25    8    5    3    6   15    1   18   13   18   36   23   29   68   93   50   75   22    0   67   66   18   22   20   46   53 
   10   19   11   17   23    7   14   10   10    3    5    5    3    4  122   71   12   61   22  145   15   22   53    0   23  118   20   55  106   34 
   21   17   17   25   13    5    8   22    8   15    7   23   17   13  123   53   21   72   36   62   65   42   69    8    0  112   89   35  142   95 
   18    4   14   21   21   19    9   10    6    3    6   24   20   11   30   71   17   25   42   83   33   18   25   34  123    0  124   25  147   98 
    5   12   12   17   22    8    5    4    2   15    4    9   13   13  177  121   62   24  154   58   41   64   32   50   28   62    0   36   19   36 
   15   16   19   24   17   20   12   16    7   11    4   19    5   14   73  117   26   28   83   51   13   16   29   27   23   15   85    0   67  106 
    9   15   16    5    9    3    3   13    5   25    2    5   16   19   50  114   10   40  110   20   29   85   21   43  167   64   59   62    0   68 
   11   11   20    7   11    4   13   21    7   14    2   10    3    7   64   99   36   46   41   82   40   20   49   66  138   28   85  103  102    0 
  837  600  818  899  527  908  927  585  995  862  590  979  712  523  665  931  944  612  769  701  580  796  647  502  889  884  913  776  650  910 
 