   15 
    5 
    5 
    0  126   54  123  166   47  598  666  325  744   75  120  132  141   53 
   17    0   49  112  112  130  592  332  643  476   58  203  107   34   87 
   49  165    0   98  131   77  760  389 1087  679   65  193   56   41  126 
   36  191  110    0  132  154  111  254  440  112   89  153   42  158   44 
   12  118  121  143    0  134  768  309 1257  111  104  108  122   78   27 
   30  116  130  113   19    0   93  488  489  192   50   84  106  136   70 
    9  100  112  126  167  189    0  533  524  462   95  112   82  124   81 
   25  160   31   78  143   52  419    0  233  440   45   70   84  104  119 
   49  106  118  125   21  162  591  378    0  110   18   67  136   33   71 
   25  158   16   76   65   72  258  402  444    0   99  169  121  159   59 
   50   26  146  148  168   63  559  137  898  777    0  144  119  155   57 
   38  134   50   88  126  200  216  221 1405  657   93    0   71  121   36 
   43  171  137   58  167   22  760  370  572  106  125   87    0  110   67 
   39  102   34   49  108  117  542  552  320  504   87   84   34    0  112 
   16   71  144   99   28  172  342  600  922  126   31  209   65   70    0 
    0   60   73  162  266  240  495  380  135  960   61  134  180  222  247 
   66    0   51  113   82   37  711  106  286  674  231   47   42  103  271 
   47    9    0   88   37  162  693  189  278  878  202  271  145   40  132 
  108   22  250    0   91  110  320  149  176  568   30  189  119   72   69 
   40   57   88   39    0   37 1046   78  321  420  221  106  169  164  139 
  100   17  202  101   59    0  194  379  318  955   78   40  200  226  146 
   40   54  186  202  192  244    0  264  255  729   68  250  235  192  168 
   35   41  126   50   65  224  494    0  292  204   54   97  146  157   42 
  152   26   63  129   54  188  152  165    0  126  261  307  205  151  107 
   96   60  221  122  224  131  602  291  237    0  242   45   64  149   78 
   66   71  119  170   73  108  820  245  290  505    0   82  221   50  242 
   47   72  201  270  117  119  204  338   90  404  224    0   84  129  106 
   75   30  144   78  247  228  683   71  247  713  111  285    0   51  123 
  179   39  228  176  299  112  416   55  151  470  161   42  216    0  205 
   75   58  141   57  289   87  371  179  278  692  173  314   87  215    0 
    0   59   53   58   36  184  558  972  326  218   46  246  265   98   46 
  156    0   19   89   40   87 1255  839   43  274   32  272  169  150   79 
   68   30    0  297  100  104 1020  542  311  413  195   83  178  225  190 
   71  142    7    0   70   55  181  251   64  103  118  146  188  202   68 
  128   99   25   63    0  160  815 1034  203  451   75  111  271  134  127 
   51  105   41   52   44    0  445  710   86  109   90  222   64  224  113 
   57   27   66  289  100  213    0  604  231  296  109  237  198  241  110 
  124   94   52   80   85  177  361    0  332  312  157  134  224  207   77 
   49   58   30   62   94   72  373  239    0   86  168   40   50  219  107 
  190   85   36  318   49   24  264  782  252    0  141   97  251  199   90 
  152  137   38  325   83  167  803  433   51  343    0   46   51  117  136 
  229  105   58   41   49  207 1188  765  180  122   66    0  168   94   76 
  131   69   42  335   75   51 1505  138  261  254   95   88    0   45   54 
   72   24   42  214   77   65  544  548  182  354  196  234   62    0   84 
  124  127   42  258   80   90  274  250  257   85  195  124   86   61    0 
    0  135  117  661  843   56  127  115   82   25    9  173   87   24  106 
  328    0   81  812  172  118  139   38   73  162   71  117   95   32  164 
   57  591    0  969  836   93   62  161   30  182   38   78   41   69   57 
  186  465   81    0  697  188   64  117   46  106   17   20  150   55  167 
  140  448  382  779    0  192   47   50   74   70   74   75   69   71  120 
  357  303  226  795  963    0  101   49   68   78   40   32  113   26   95 
   46  442   62  260  215  134    0  241   76  141   83   40   67   62   93 
  209  267  129  413  567  102   64    0   49   98   74   72   70   73   74 
  314  695   89  409  617  164  187   97    0   46   75  127  124   65  107 
  135  132  448  264  714   76  126  177   64    0   13  166  124   32   25 
  323  705  410  544  628   35  221  148   29   92    0   87  144   62   59 
  250  182  373  189  987  119  163  148   76   55   89    0   53   57   36 
  289  604  122  534  264   44  191  201   49  154   83  132    0   43  181 
   77  440  357 1141  576   74  219  152   12   94   76  135   57    0  170 
  340  286  363  294  600  182  103  137   71   80   89   99  135  111    0 
    0  664  278  193   83  133   18   49   67  173  100   27   20   90  159 
  565    0  210  439  297   52  111   44   93  142  141  125   72  135  106 
  153  447    0  585  130   80   90   26   11  195   61  125   62  143   32 
  913  532  355    0  216  108  112    9   55  104   74  112   64   93  104 
  446 1060  536  510    0   50  102   47   43  186   88  247   39  118   68 
  591  885  662  437  258    0   69   18   23  193  131  246   24  136  108 
  267  132  522  341  337   26    0   42   67  137   54   48   43   51  150 
  665  909  433  549  170   87   80    0   75   50  105   97   57   93   22 
  870  841  612  395  285   29  161   56    0  121  113   95   76  106  148 
  664  620  477   73  104  136   44   36   52    0   19   94   54  165   76 
  562  577  274  182  117  145  150   13   15  109    0  165   20  181   59 
  140  962  351  147  310   57   98   17   33   89  137    0   22   90   26 
  243  158  152  196  161  168  110   12   53   77   86  240    0  169  143 
  385  679  287  560  383  128  135    7   43   60   37   25   20    0  149 
  810  485  359  174  159   29  159   48   45   96  112  189   76  198    0 
  723  627  761  646  635  650  682  990  816  577  535  710  806  691  765 
