   15 
    5 
    5 
    0   70   75   49   35  228   48  112   75  144  124  310  314  192  467 
  257    0   29   99   19  158   77  379   21   96  312  567  281   79  395 
   43  121    0  102   29  261   11  254   94   26  154  298  391  259  513 
   81  184   20    0   53  104   65   66   22  122  253  369  211  664  891 
  156  202   67   61    0  118  107  194  112  151  175  369  459  236  370 
  235  122   15  118   24    0  100   56   23   71  326  569  335  436  236 
  151  106   88   29   61  211    0  102   70  138  295  558  374  316  910 
  197   58   50  134   89   52  103    0   61  117   46  455  758  636  411 
  164  123   53  101   88  219  100  199    0   31  107  561  404  281  919 
  115   39   86   27   25   54   29  128   65    0   68  143  687  340  753 
  136  164   60   93   33  154   29  116   87  137    0  286  366  556  833 
  206  151   40   18   73  108   61  194   39  175  348    0  497  178  212 
  199  161   26   53   60  229   80  183  115  140   86  494    0  309  486 
  260  103   64   57   19  152   75   51   98  104  307  370  427    0  104 
   28  139   32   33   74  234  106  138   35  108  251  590  588  764    0 
    0  197   22   57   48   47  169   85   59   44  112  551  194  502  315 
  147    0   62   29   65   52  155   67   81   41  417  341  276  577 1110 
  171  105    0   28   56   35   60   86   35   30  315   75   61  814  718 
  143  168   80    0  130   84   36   55   87   61  124  605  361  824  787 
   24  229   73   78    0   11  191   23   67   45  295  620  314 1005  163 
   52   55   33   40   70    0   27  111   42   70  292  519  357  828  452 
  164   69   38   18  109   47    0   79   96    9  359  129  214  273  928 
  208  130   66   61  115   64  190    0   68   38  510  654  355  574  676 
   87   37   50   64   85   49  226   57    0   43  440  224  144  960  467 
  108  118   62   67   40   46  169   39   98    0  181  225  332  182  883 
   35   70   59   55  135   13   69   70   86   70    0  112  345  967  534 
   72  100   66   33  105   83   66  102   81   23  471    0  326  648  166 
  149  105   33   72   55   14   87   23   54   49  369  554    0  612  751 
  154  100   44   19  122   83  229   48  105   32  147  475  326    0  211 
  217  120   19   16  148   50  130   82   48   60  276  566  274  130    0 
    0   83  109  154   14   50   61   94   74  169  601  367  620  289  256 
   76    0  115   68   60   29  132  163    8   38  789  192 1175  384  539 
   19   96    0   48  103   38   71  150   13   52  669  479  243  115  396 
   44   87  151    0  102   36  110   89   36  167  399  313  562  216  120 
   48   69  145   38    0   53   99  159   58   65  720  451  661  440  136 
   20  131   94  185  104    0  106   68   58  148  257  284  202  415  211 
   81   96  148   82   18   19    0   31   79   53  386  371  231  247  487 
   51  142   87   67   16   41  121    0   74  187  843  345  936  500  329 
   15  155   40  129   76   45   51  160    0  206  697  256 1287  560  155 
   31   38   25   64  108   88  147   48   87    0  286  231  655  124  551 
   27   73   96   68   28   60   73   44   33  112    0  349  520  663  203 
   30  150  113  116  101   73   51  129   57   38  235    0  866   82  295 
   75  160  106  137   72   56   81  112   59  167  868  488    0  347  414 
   40   69  146  176   61   94   79   78   75   37  170  307  146    0  174 
   33  176  143   49   50   40  121   92   79   54  113  319 1114  587    0 
    0  125   71   79   61  195   42   96  168  178  823  765  307  680  459 
   67    0   24   17  184   72   11  110   39   74  199  578  117  703 1027 
   20   46    0   88  104   49   19   26   43  140  396  235  236  489  228 
   10  142   65    0   57   93    7  129   82   72  183  345  357  654  280 
   43   29   51   85    0   29   17  190   97  235  284  111  211  348  970 
   70   68   23   44   35    0   43  147  146  207  717  323   37  362  864 
   24  163   54   34   70   73    0  185   96  109  336  133  318  390  911 
   72   71   26   99   59   38    8    0  130  126  387  355  241   93  187 
   38  101   71  106  126  213   37  202    0   50  530  152  342  417  277 
   41   80   14   30  126  109   74   31   59    0  346  668  151  549  626 
   48   27   50  103   99  166   76   42  162  131    0  380  311  335  840 
   71  162   78   46   44  160   36  134   45  199  405    0  148  513  104 
   32  167   90   53  137  219   58  145  168  183  259  492    0  391  378 
   68  167   38   14  133  159   74  151  117  182  640  638  244    0  877 
   26  107   82   27  128  162    9  153  123   78  632  602  212  347    0 
    0  526  222  488 1139  224   17   78  192   78   64   12   35  131   62 
  281    0  376  661  672  182   97   56  161   38   86   58   32  219  102 
  155  241    0  105  370  136  136   79   35   78   69   64  156  207   68 
  390  497   93    0  831  232   68   60  234   64   28   26   96  166   84 
  489  239  472  567    0  197  151  245   89   91   19   12   97  200   85 
  404   74  172  342  587    0   84   96  118   21   27   60  117   99  114 
  309  226  222  642  277  213    0  158   72   92   21   29   23  203   88 
  386  233   72  434  369   77   41    0   32   88   64   63  120   32   86 
  688  587  338  416  155  132   76  123    0   38   71   60   80  210   38 
  490  403  263  675  742  159   86  187  156    0   68   13   87   48   22 
  387  257  277  412  280  202  131   95   52   81    0   50  137   35   46 
  278  439  137  372  274  241   81  235   95   32   39    0  138  162   47 
   96   93  106  278  670   61   74  341   39   47   35   27    0  216   93 
  428  345  370  620  856  175   58  278  109  124   67   14   62    0   69 
  293  266  154  650 1055  192  117  424  166   18   80   66   96  138    0 
  790  727  536  835  656  639  845  697  592  564  536  682  867  790  546 
 