   15 
    5 
    5 
    0  154 1086  678  240   37   52  106  233   99   55   73   88   36   79 
  801    0  915  150  396   62   39   47   66   51  113   84  161   62   69 
  442  462    0  510   74   59   30   56   54  141  116   87  140   24   31 
  451  104  857    0   97  107   16   80   26   24  117   79   41  155   70 
  872  345 1060  652    0   82   39   37   71   44  161  144  136   68   30 
  530  427  413  153  333    0   30   14   34   71  181  194   93   41   14 
  841  117  402  844  159   43    0  115  196   18  216   79   67  180   77 
  360  191  440  497  162  127   48    0  195   52   69   29  117   26   82 
  502  324  674  501   84   22   53   96    0  132  138  117  103  196   80 
  453  367  193  372  348   84   40  107  119    0  189   85  177  163   20 
  438  166  560  471  159  167   29   76   51   94    0  108  112   65   11 
  964  192  579  634  285  137   36   61  153  116  173    0   47  111   87 
  213  454  477  346   95   39   22   17  238   36   65  115    0  141   20 
  653  341  428  344  247   59   51   92  126   33   41  124  130    0   59 
  331   64  468  495  373  105   15   94  142   75   98   54  108  137    0 
    0  111  339  737  580  100  106  158   27  163   18   64  155  119   69 
  339    0  430  509  209   39  109  111  116   78   26   68  156   52   31 
  394  246    0  572  313   95   36  152   34   28   32  135  122   30   80 
  377  354  338    0  610  116   70   29   82   42    6  122  106   41   18 
  375  121  352  815    0   21   56   89   17  188   36  128  134  102   48 
  363  294  448  636  357    0   29   45  126   60   29   55   95   62   24 
  749  430  233  442  279  123    0   83   15   77   25  127   23   70   85 
  657  447  393  718  235   36   44    0   51   38   47   45   52  110   73 
  370  122  150  321  199  140   12   71    0   74   35   86  109   64   26 
   83  130 1180  797  587  106   97  210  102    0   31  152  112   73   76 
  644  334  964  126  407   37   95   42   23   89    0   94   68   81   70 
  537  312  479  739  455  136  102   86  104  149   15    0   86   52   47 
  425  280  742  617  412   68   72  148  123  117   24  105    0   19   18 
   87  237  487  492  566   20   44   56  102  160   44   16  151    0   88 
  478  429  842  859  363   56  101  151   99  150   40   35  146  113    0 
    0  172  579  842  465   62   58   38  171   50   41   32  113   28  146 
  303    0  286  270  775  177  124   30   63   15   37   46  108   61  146 
  431  327    0  751  651  132  175   40  153   30   71   94  209   41  201 
  218  100  524    0  796  141  186   12   33   52  289   47   95   78  150 
  294  414  113  532    0   31  176   73   60   17   68   24  146   34  116 
  168  497  192  300  293    0   90   68  135   37  103   67   98   48  132 
  152  338  324  278  575   81    0   24   23   23  129   96   71   81  112 
  109  190  170  211  764  207  155    0  102   11   65   48  191   18  151 
  464  142  587  525  568  209   21   10    0   47  159   49  145   24   28 
  214  338  360  702  810   40   63   89  113    0  262   75  162   33   45 
  401   94  203  206  417  152  156    9   79   29    0   21  212   31  196 
  318  339  342  751  117  166   36   36  119   52  206    0  193   41  165 
  511  493  438  801  595   73   69   43  145   21  139   52    0   50  154 
  352  359  271  648  959  177  180   73  224   24  119   45   36    0  148 
  366  234  555  697  400   80   37   43  177   15  231  113   28   54    0 
    0  117   93   56   42   37  416  281  826  454   82   70   90   26  137 
  140    0  188   69   56  132  323  205  422  417  191   88   34   52  133 
   31   52    0   21  160   49 1042  334  649  642  149   98   16   35  149 
  124  130   91    0  182  200  807  123 1050  205  149   66   58   16   25 
  125   20   51  172    0  151  650  612  143  461  147   26   99   64   38 
  152  156  136   33   48    0  165  212  974  145  112   94   78   12   20 
   55  109  137  117   66   33    0  494  318  683  144   90  122   41   89 
  157  142  138  115  217  141  597    0  522  561  146  127   88   33  123 
  141  158   52   18  197  115  164  453    0  190   78   62   52   80  127 
  177  173   65   89  213   80  708  431  891    0  118  120   13  101   35 
  154  136  101  156  132  191  996  540  428  190    0  128   50   26  152 
   76   77   61   23   93   56 1228  414  382   94  139    0   23  105  108 
   45  107   38  130  187   34  449  593  730  552  172   41    0   67   82 
   59   47   31  164  130  218  158  528  278  102  136   77   60    0   96 
  153   38  120  119   81   34  433  218  469  645   99  111   71   94    0 
    0  118   36  124   60   38  720  266  211  319  176   60   80  137   37 
   58    0   95   64  147   27  887  448   59  270  170  195  217   22   91 
  106  156    0  122   82   17  808 1000  258   90  185  129  103  139   24 
  164   47   27    0   23   39  646  189  139  322  170  176  226   98   66 
  278  107   34   52    0   26  287  321  155  307  211   31  175  130   89 
   70  131   39  165   30    0  859  872   34  238  182   84   81   69   14 
  216  108  241  198   72   18    0  531  253  376  159  140  257   54   18 
  183  114  114  187  160   32  611    0  189  521  108   43  205   48   14 
   54   33   96   93   61   36  792  208    0  402   86   90   57   51   16 
   37  108  250  153  200   17  557 1129  182    0   57  188   33  169   35 
  219   39  101  115   98   41  761  328  211  482    0   71  267  155   17 
  218  181  159  154   87   32  690  988  243  403  104    0   38  102   26 
  145   52  140  102  141   41 1007 1058   44  418  114  181    0  133   75 
  165   67   93   59  121   33  604  391  215  340   59  125  174    0    9 
   93  165  203   56   49   38  902 1088   87  159  246   66  105   82    0 
  775  701  732  836  900  666  861  645  527  878  556  855  995  826  580 
 