   15 
    5 
    5 
    0   32   57  107   10   89   61   97  101   99  449  551  229  289  105 
  128    0   24  134   73   41   14   57   15  190  262  443  536  528  486 
  121   92    0  129   20   37   34   59   40   35  602  490  342  360  679 
   15   28   25    0   68   81   19  136   92   54  344  537  349  215  640 
   53  119   78   93    0   17    8  146   24  104  434  458  552  195  661 
   21   18   54   73   28    0   42   26   80   21  604  717  351  107  860 
   20   17   10   83   52  119    0   36   83   67  547  195  465  168  896 
  126   72   73  119   74   87   14    0   57   90  803  117  488  660  651 
   86   57   45   25   70   56   23   76    0   30 1045  584  312  200  483 
  110   67   51   49   70  135   14  108   32    0  395  108  664  559  338 
   45   97   33   44   19  150   36  151   70  175    0  124  795  130  195 
   90  114   70   40   18   24   14  132   66  153 1038    0  797  437  138 
   42   90   37  122   26   70   42   46   19  116  362  561    0  615  969 
   81   14   54   28   61  139   27   59   79   32  157  180  201    0  605 
   64   81   12   96   36   73   65   86  100   46  718  440  844  427    0 
    0   57   20   74   70  352  260 1214  334 1081   10   52  138   81   35 
   98    0   46  105   15  114  495 1323  108  228   59  116   63  139   93 
   54   71    0   64   36  256  491  319  341  764   71  106  152   19   82 
   99   38   23    0   55  518  603  927  276  353   58  111   50  149   51 
   42   59   42   76    0  225  606  409  374  329   84  100  147  135  124 
   28  126   14   97   71    0  107  374  213  751   85  129  128  142   42 
   12   38   62   99   19  278    0  323  242 1144   42  135  123  103   49 
   86  108   52   57   64  522  513    0  405  509   37   91   45  101  102 
   31  129   12   14   67  135  469  974    0  680   58   91  129   38   38 
  108   89   44   67   48  549  427  705   65    0   50   50  141   41  125 
  109   98   28   43   37  531  257  279  376  627    0  136   53   63   16 
   50  129   14   87   30  548  309  324  344  256   10    0  121  120   34 
  105  102   60   37   62  273  379  239  145  465   69  124    0   46   35 
   26  126   54  103   43  343  546  382   86  599   69   63  150    0   86 
   81   89   53  105   80  324  323 1022  157  859   83   14   60   84    0 
    0   64   29   36   62  364  382  479  598  542   31   65   40   68   75 
  103    0   77   91  155  312  483  233  231  697   99   82  149  133   17 
  103   77    0   35   82 1090  530  326  106  253   31   84  157  115   72 
   38   79   14    0   58  791  141   97  561  288   96   60  161  173  136 
   65   25   41   77    0  891 1227  447  563  453   82   14  145   97   33 
   22   82   78   24   74    0  238  727  406  914  116  102  118   78  129 
  148   26   67  119   96  664    0  267  102  633   98   74   25   78   29 
  107   66   52  101   47  713  483    0  185  623   56   23   96  162   75 
   24   63   71   45   87  195  607  362    0  745  107   73  136  159  120 
  110   81   12  115   33  496  332  167  611    0   78   55   83  137  102 
  115   64   26   53   63  243  637  140  628  738    0   39   24   50   45 
   79   33   49   63   33  183  717  274  562  611  100    0   23   59   74 
   16   36   72  162   29  514  179  245  559  115   31   23    0  148   99 
   27   58   40  115  143  520  576  192  272  447   29   36   25    0   20 
  131   49   79   61  129  233  584  457  123  120   30   49  144  111    0 
    0  190   87   75  119  472  840  331   76  770   26   36  101   81   24 
   51    0   47   21   81  760  420  578  184  595   56   40   59  118   66 
   15   22    0   24   95  837  277  257  214  202   60   77   48  100   25 
   52  151   23    0   29  750  516  502  158  471   26   11  118   47   49 
   32  105   51  167    0  724  248  414  194  764   65   10   57  112   30 
   27   42  156  117  154    0  267  556   36  123   46   36  139  178   49 
   15  146  111  106   23  306    0  388  142  757  100   52   65  138    7 
   40   96   95   39   32  727 1125    0  219  330   16   29  115   53   25 
    8  113  117  123   24  827  318  553    0  639   26   79  135   74   28 
   50   53   44  102   63  997  794  371  138    0   88   68   93   65   34 
   48  182   22  110   42  217 1139  200  243  113    0   42   76   55   12 
   22   37  122  195   72 1009  244  232  116   91   96    0   94   34   27 
    6  211   64  184  128  174  369  363  216  182   56   64    0   79   55 
   48  198  158  158  131  121 1105  536  119  599   54   68   27    0   32 
    9  132   96   65   18  900  714  667   55  750   65   87   73  173    0 
    0  378  164   89  303  111   36   25  104   44   82   68   69  189   94 
  233    0  420   68  280  170   63   65   23   53   44  116   30  150  243 
  335  972    0  272  116  217   61   53  151   52   54  157   78  127   45 
  693  797  295    0  446   56   13   44   84   47   76   68   22  170   38 
  255  634  480  194    0  173   63   13   40   58   18   65   35   51   46 
  838  771   77  179  552    0   39   70   36   58  115  149   17  101  147 
  491  689  154   88  546   89    0   67   24   18  117   68   37   64  178 
  810  331  230  303  645  147   63    0   21   39  122   86   62  181   72 
  381  363  276  143  223  133   59   33    0   64  132   84   29  191  196 
  937  705  416  207  672  149   48   29  151    0  100   52   47   49  169 
  483  923  411  303  145  217    8   64   52    8    0   86   15   73  103 
 1088  756  368  143  446   48   37   67  144   16   79    0   28  107  167 
  793  314  425  185  596   96   24   75  103   41   95  116    0  101   96 
  359  656  148  360  679  208   57   32   16   52   84   42   48    0  206 
  975  601  328  168  379  176   40   50   19   62   31  127   30  205    0 
  862  768  571  517  518  788  524  970  740  901  692  706  532  739  905 
