   15
    5
    5
    0   40   56   16   46  126  228   73  920  712   25   49  126   57   31
  144    0   10   18   67   97  805  135  693  376  164  146   57  218   90
   53  126    0   20  114  196  196  186  405  682   82   60   30   29  132
  152  119   40    0  137  157  365  305 1086  229   39   34  140   82  129
  102  261   45   27    0  142  641  250  930  678  116   36  102  116   66
  190  228   38   51   33    0  484  347  380  409  171   88   29   52  137
   25   30   48   34  150  196    0  216  947  923  172  124  123   60   65
  117  257   27   10   97   96  197    0  807  456  187  122   86  142   64
   94   75   23   20   47   54  673  136    0  800   71   61  135   95   51
  154  226   52   47  114  138  207  184 1011    0  194  107  116   72   68
   72   54   20   46  118  173  509  497  152  326    0  157   51  165  111
   38  293   47   46   45  175  181  177  899  671  121    0   74  168  125
  200   62   53   41  100  198  859  221  466  360  161  105    0  193   49
   58  223   11   18   41   40  705  419  441  896  182   31  118    0   80
   56   85   11   28  120   35  663   90  232  685   72   22   15  129    0
    0  180  157  126  126   69  396 1466  901  321   97   45  121  116   48
  104    0  112  172  124   44  155  350  501  397   22  133  106   48   44
  124  113    0   83   27   64  465  628  657  466  113   84   54   56  114
   25   25  133    0  164   55  327  237  256  291   92  192   35   54   87
   92   67   57  118    0   23  365  436  611  838   81  211  127   88  104
  119   75   49   98   54    0  281  650  643  580   91  200  107   88   87
   98  161   78  146   86   75    0  449  635  130   44   67  108  116  125
   44   74   86   21  135   18  408    0  817  774   66   87   21  117   92
   34  150   68   52  142   56  359  395    0  357  101  110   17   85  110
   30  105  166  111  154   48  233  249  628    0   69  175  101   97  119
   77   58  135   49  152   19   53  227  865  701    0   75  106  122   83
   34   87  163  176   27   65  250  307  812  132   58    0  156  102   38
   93  170   71  171  165   84  109 1592  312  710   79   22    0  107   80
   86   94   57  132   78   52   72  452  721  419   23  102   89    0   29
   14   30   46  181   99   76  283 1433  262  452   72  128  124  138    0
    0   31   58  200   28   51 1164  160   99  796   41  104   61   20   68
  135    0   62   93   78   15  643  332  299  820   10   58  132   89   47
  143   61    0  189   22   32  609  234  143  205   47   62  185   85   57
   55   64   59    0  135   76  451  638  313  838   77  101  195   81   12
  138   72   68  254    0   29 1192  242  283  762   12   93  115   94   41
   91   68   30   85   62    0  951  608  346  764   46  114   27   98   17
   94   46   47  144  125   11    0  123  166  362   76   27  168   95   65
  104   52   63   93  141   48 1131    0  288 1482   19   92  162   89   74
  143   45   68  225   90   37  409  570    0  831   87  116  126   21   51
  131   73   55   93   56   56  314  743  203    0   34  136   97   47   66
   34   24   53  110  145   59  835  342   54 1053    0   70  165   78   69
   62    8   18   72   52   51  334  677  123  750   43    0  170   98   26
   48   48   22   64  141   72  823  376  289  668   14  106    0   87   12
  143   73   70  241  124   26 1154  109  166  411   14  130  191    0   67
   44   22   50   99   91   97  309  538  210  833   91  101  171   94    0
    0  156  104  266   47   78   13   79   27   63 1325  629  189  111  242
   19    0   26  290   50   18   26   84  104   94  910  165  194  157  471
   62  287    0   77   52   94   20   67   59  237  764  344  273  312  431
   55  193   19    0   39   38   37   73   25   45  923  103  176  169  388
   50  213  122   69    0   35   34  141   44  215  791  157  300   81  269
   53   79   90  211   13    0   46   44  103   84 1193  100   69  246  332
   37   35  131  230   80   18    0   50   57   47 1268  673   42  133  401
   47  212   99   95   49   57   75    0   86   93  884  258  268  407  436
   47   55   35  265   78   88   24   61    0   47 1099  581  361  158  479
   33   89   83  161   32   90   64  139   59    0  553  133  226  345  456
   63   41  119  223   53   71  100  134   22  170    0  530  342  397  415
   58  216   96  135   35   59   49  140   39   79  445    0   65  319  261
   61  267   32  291   72   85   89   47   99  158 1219   94    0  145  296
   16   87  111  231   27   39   66  117  101  204  827  707  365    0  347
   28   84   25  295   77   79   65  106  103   59  491  344  367  290    0
    0   56   89   53  112  115  224   21   97  178  398  457  323  172  232
   85    0  254   95  115   69   64   37   77  229  364   78  440  989  341
   53   46    0  119  194  126   92   69  173  284  551  337  321  280  310
   75   11   76    0  206   94  135   19  105  179  663   51   94  824  178
   96   35   39  111    0  129  100   21  143   73  516  288  264  641  437
   63   47   31   24  168    0  145   11   65  241  487  246  136  978  277
   91   61  254  163   75   36    0   46   81  111  154  103  360 1240  311
   56   66  213   35  232  116  180    0   21   35  469  410  139  383  403
   59   68  149   26  111  119  141   75    0  175  514  435  103  957  239
  103   59  124   53  227   70   31   68  158    0  544   47  442 1022  253
   22   57   73  113   75   58   96   42   82   88    0  146  260  991  157
   19   33  149  142  209   30  125   44   71  209  126    0  116 1020  308
   69   65  237   73  216   91  135   47   54   50  364  229    0  700  109
   93   15  103   34  136  118  176   24   39  269  441  248  459    0  108
  103   72  212   91   26   65  203   60   36  113  946  422  298  211    0
  892  674  793  897  689  612  754  988  802  512  783  983  685  821  943
