   15
    5
    5
    0   94   91   33  104   86  932  271  545  125  105   47   40   26   19
  126    0   36  176   59  105  339  538  520  863   54  231   78  135   97
   17  143    0   80  260   30 1152  293  831  678   82  191   17   30   57
   13  175  139    0  126   94  713  361  718  614  106  216   74  112   69
   68  162   85   40    0   85  728  146  359  306   57  101   31  168   58
  108   66   34   55  142    0  516  225  394  136   39   47   67   84   87
   75   65  147   41  236   99    0  460  752  502   73   70   25  165   43
   28  191   72  100   43   61  906    0  170  277  128   93   69  125   36
  111  185   28   63  137   54  722  278    0  853   84  199   58   33  105
   95  134  151  132  295  127  494  363  357    0   16  104   63  145  103
  104   98   30  229  152   84  821  511  216  658    0  100   59  193   84
   62  174   86   66   59  145  738  264  522  108  127    0   56  143   67
   66  130  139   34   67  147  845  147  351  136   56  291    0  144   62
   91  138   68   34  270   49  368  444  305  477   88  271   27    0   26
   65  116   35   75   64  153  517  595  300  112  117  243   11   65    0
    0   44  261   84   55   99  139  403  769  746   94   35   58  222   11
  103    0  240   77  213  106  445  302  616  357   79   76  279   42   42
  101  142    0   72  179  108  366  536  410  848   77  133  189  168   62
   78   77  214    0  103  144  241  164  658  695   44  136  220  136   30
   52   37  203   30    0  133  443  369  674  989   26   15   44   63   23
   44   19  161   61   45    0   94  739  959  710   54  130  220  159    9
   56  103  282   11  149   99    0  172  248  665   38   80  202   65   62
   87   44   38   32   88  158  408    0  936  704  105   24  196   53   53
   53   20   38   49  190  291   79  265    0  741  118  132  143  129   55
   62  129   57   13   23  141  353  147  406    0   27   65   35  105   54
   52   99  170   57  112  268  259  204  229  713    0   30  146  120   24
   56  143  218   56  154  109  364  281  834  694   89    0  118   67   29
   35  107  172   84  211   58  323  370  324  652  105   99    0  178   18
   91   34   87   13  109  107  101  614  574  478   78   35  195    0   54
   40  144   94   60  101  267  185  810  612  183   30   89  152  208    0
    0  169  189   64  301   43  644  634  682  155  175  138   27   23   52
  179    0   86  250   63   32  398  442  812  518   21  117   44   36  172
  103   89    0  275  178   23  107  277  142  159  179   88  144   64   39
  282   38   58    0  301   19  731  651  826  157   42  116   85   21  161
  217  154   91  105    0   62   87  223  268   72  127   87   73  166   96
  150   47  196   69  214    0  426  370  388  154   53   66  145  182   56
  150   84   72  154  114   39    0  252  759  323   70  126  115  140  140
  227   71  163  154   81  119  446    0  619  225  147  114   37   41   45
  226   95   81   56  249  176  265  522    0  312  127  123   91   42   80
   91  153   46  302  276   92  512  721  688    0   83  110   58  187   40
  258  251  177  136   56   97  273  265  948  498    0  151   46   95   83
  244   90  163  122  213   38  344  443  245  178  126    0  150   28   50
  159  344  205  212   40  162  633  736  827   89   53   87    0   46   50
  150  251  204   80  276   84  127  139  624  114  160   81  107    0  172
   66  315  202   55   88  137  540  247  491  436   62   57  132   83    0
    0  154  120  259  990   34  118  106  136   80  129   38   25   41  137
  665    0  181  151 1003   40  221   33   82  112   59  236  119   53   99
  679   86    0  145  392   27  101   55  101   51  179  152   44   75   50
  861  283  612    0  262   59  251  137   37   55   53  128   99  101  179
  881   78  897   70    0   73  124   48   61  112   70   89   25   46  122
  877  275  387  190  809    0  232  139  100   52   41  131   53  103   40
  619  322  431   69  413   40    0  120  109   78   59  202   33   79   64
  584   89  510  277  853   48  123    0   94   77  157  242   91   93  186
  506  217  839  271  922   35  238  100    0   84   87  114   71   83   40
  475  132  568  129  616   19   64   43   36    0  124   34   41   29   27
  678  228  777  283  221   71  141  126  121   17    0   39   38   93  168
  739  285  142  297  553   11  134  144   80   60   94    0  103   76   36
  341  269  827  130  270   54  214  174  109   91   96   75    0   77   61
  312  148  269  277  851   45   89   67  145   91   26   34  130    0  112
  435  275  246  111  206   13   39   33  123   91   95  115  119   39    0
    0  335  160  337  570   82   91   53   66  141   89  157   58  100  159
  587    0  276  411  571   56   88  102   38  180   53   22   76  176   51
  297  937    0  249  912  107  103  117   83   27   89   77   31   33  135
  609 1069   66    0  386   87   64   24   15  184   82  113   73  116   27
  600 1082  113  173    0   51   62   20   45   67   49   57   54  150  145
  403  999  239  157  755    0   55   48   23  147   59  129   13  147  199
  507  672  179  216  732  193    0   82   23   73   50   72   50   59  146
  448 1033  289  118  628   74   32    0   48  181   98  125   47   23  107
  284  245   57  303  410  192   26   48    0  141   47   82   11  119   86
  480  812  210   86  167   32   89   76   23    0   28  192   82   22  121
  514  186  212  133  598  212   28   44   64  143    0  143   19   31   40
  412  816  191  355  882   82   35  100   22  125   62    0   37  122  155
  318  552   63   92  576   73   45   47   25  111   78   31    0   65  266
  140  379  387  205  644  184   79   62   20  121   25   44   51    0  153
  582  349  219  330  954  196   89   76   73   43   79  173   13   98    0
  556  675  681  684  773  812  884  585  726  830  952  797  577  527  644
