   15
    5
    5
    0   17   75   22   71   43   29   74   86  186  627  565  165  524 1014
   55    0   50   52   90   20  109  105   55  151  411  307  187  131  593
   37   36    0   24   50   15  115  198   69  116  713  321  205  585  442
   44   30  125    0   42   17  149  143   46  173  455  500  227  451  807
   48   36   39   85    0   42  119  206   33   19  429  669  196  794  580
   50   35   78   77   58    0  179   79   11  144  464  641  101  403  811
   40   23   92   90   70   62    0   56   66  138  535   89  177  499 1121
   33    6   76   91   11   48  100    0   79  182 1228  400   53  612 1232
   61    8   15   33   26   43  122  179    0  174  837  519  136  759  250
   32   28   22   66   87   13  234  149   31    0  299  101  136  620  315
   30   37   80   35   60   57  127   83   81   29    0  162  219  257  156
   57   39  102   64   93   37  159   64   23  143  599    0   96  111  247
   38   37  110   63   24   42   48  198   43  113  815  468    0  144  570
   45   33  110   32   89   22  225   70   40  127  556  230  175    0  867
   28   36   61   70   65   21   75   61   76   45  721  772   30  369    0
    0   25   74  187  415  143   15   69  110   49  510  315  498  299  344
   60    0   70   88   97   68  104  179  158   48  470  376  284  405  465
   27   88    0  141   65  214  121   76   25   18 1219  298  152  145  583
    7   69  105    0   52   84  101  202   49   46  305  487  266   97  581
   31   64   50   62    0  196  107   63  130   23 1164  460  670  397  180
   19  164  260  176  149    0   98  202   52   19  732  173  508  204  557
   57   43  105  144   82   52    0   40  128   28  234  253  413  131  194
   33   25  149  126  176   62   76    0  129   49  243  414  551  355  451
   11   48  254   49  229   48  122  136    0   12  185  144  304  253  158
   66   43  240   31  205  205  120  201   34    0  604 1008  591  118  128
    9  128  258  146  282  151   46  139  131   44    0  714  551  150  441
   45   91  129  132   72   51   46  115   74   61  127    0  624  223  237
   42   79  127   49  101   66   28  130   28   55  825  190    0  418  478
   45   65   29   89  225   53   90  217   66   32  660  180  168    0  503
   48   94  125  230   46  173   53  201   42   48  692  842   84  205    0
    0  804  599   65  130   72  215  108  212   98   52   63   79  278   54
  170    0  595  167  317   70   78   36  158   24   31  178   20  256   17
  393  236    0  502  597   32  243   82  171  169   26  176   48   49   74
  249  342  350    0  467   53  271   95  201   96   48  261   53   69  123
  108  544  496   62    0    8   44   30  206  133  100  227   60  106   28
  430 1196  323  323  230    0   31   54   33   94   65  262   37  309   22
  222  499  293  406  624   49    0   76  114  162  101   99   41  151   61
  360  314  342  272  508   41  235    0  161  121   54  111   33   39   22
  381  407  298  540  387   15  257   57    0   91   79   32   64  302   33
  376  759  299  424  620   35  173   44  165    0   39  250   95   67   85
  369  791  383  376  247   18  148   95  187  154    0  169   72  288   60
  359  780  249  206  421   43  116   47  111  122   12    0   43  248   78
   75  398  444   88  136   55  175   90  197  125   68  115    0   67   80
  434 1074  494  296  273   13  212   59   88  108   12  239   22    0  106
  407  293  459  236  109   67  156   38  168   27   73   76   19  156    0
    0  380  240  714  550  156  145   26   49   46   63   49   72   23   89
  253    0  192  671  483   75   37  185   47   43   38  132  116   47   41
  646  213    0  684  273  178   59   72   81   70  133   87   90   33  126
  616  476  602    0  433  163   61  158   68   36   21  156  154    7   40
  495  159  697  779    0  125   35  185   35   18   64  126   59   12   95
  329   86  788  796  384    0   86   66   59   53   54   57  245   50   56
  442  102  165  203  415   45    0   85   99   31   51  160   61   13   50
  857  359  369  441  533   40   27    0   43   67  117  124  138   19  102
 1086  106  404  387  128  130   38   33    0   41   50   57  224   50   61
  412  417  516  114  180   64  137  132  112    0   85  231   52    6  139
  828  426  217  328  495  123  136   31  106   60    0  101   44   47   77
  858  291  507  313  525  115   18   78   14   17   39    0  225   43  125
  212  202  224  220  147   41  130  156   60   43  104   80    0   31  127
 1047  468  445  699  562   52   81   24  104   38  109  226  109    0   38
  531  254  447  177  432   90  126   86   56   57   42  261   83   35    0
    0  669  367  378  189  252   60   11    9  166  159   43  102  104  211
  455    0   85   51  178  287   56   39   52  120  150   32  134  113  180
  180  209    0  368  302  292  210   92   71  232  110  189  171  158  204
  576  953  357    0  315   75   71   21   13  107  121  188  152  176   25
  193  879  528  163    0  109  256   84   65  199   77  170  117   74  120
  244  314  421  110  270    0   62   15   42   88  182   26  139  149  119
  689 1008   77  163  171   61    0  111   25   30   59   38   96   40   92
  551 1005  204  233  131   38  167    0   52   27  165  145   33  135  113
  423 1116  155  108  229  157  193  103    0  233   99   59  156  133  132
  635  701  261  226  128  272   95   53   63    0   74   75  160   26  191
  850  331  545  238  176  223  123  104   32  197    0  181  145   19  192
  457  893  586  141  104  115  185   70   17  234   70    0  112  138  121
  208  982  281   82  170  114   34   93   14  177   38  142    0  174   88
  266  768  408  147  306  252   33   19   65  168  175   83  176    0  218
  205  269  108  271  232   64  161   59   29  149   36   95  161   45    0
  943  972  692  501  775  518  752  960  950  966  667  846  833  843  733
