   15
    5
    5
      0     35     49     14     41    111     40     13    162    125    113    217    560    252    137
    127      0      8     16     59     86    142     23    122     66    726    645    252    963    399
     47    111      0     17    101    173     34     32     71    120    365    268    133    129    584
    134    105     35      0    121    138     64     53    191     40    174    150    621    364    571
     90    230     39     24      0    125    113     44    164    119    512    161    451    512    291
    168    201     34     45     29      0     85     61     67     72    757    389    132    231    604
     22     26     42     30    133    173      0     38    167    162    761    548    544    268    290
    103    227     24      9     85     84     34      0    142     80    829    539    381    626    283
     82     66     20     17     41     48    118     24      0    141    314    273    599    420    225
    135    199     45     41    101    121     36     32    178      0    858    473    513    321    300
     63     47     17     41    104    152     89     87     26     57      0    696    228    731    492
     34    258     42     40     40    154     32     31    158    118    535      0    328    743    553
    176     55     47     36     88    175    151     38     82     63    713    465      0    852    219
     51    197     10     16     36     36    124     73     77    158    803    139    522      0    353
     49     75     10     25    106     31    116     15     41    120    321     98     67    569      0
      0    166    145    116    116     63     73    270    166     59    451    210    559    537    221
     96      0    103    159    114     41     28     64     92     73    103    614    493    225    206
    114    104      0     77     25     59     85    115    121     86    524    391    250    262    527
     23     23    123      0    151     51     60     43     47     53    426    889    164    252    402
     85     62     52    109      0     21     67     80    112    154    378    976    588    409    480
    110     69     45     91     50      0     51    120    118    107    420    924    497    408    402
     91    148     72    135     79     69      0     82    117     24    206    312    502    535    579
     41     68     79     20    125     16     75      0    150    142    307    402     98    543    426
     31    139     63     48    131     52     66     73      0     65    470    511     82    396    508
     28     97    153    102    142     44     43     46    116      0    322    810    468    450    551
     71     54    125     45    140     17      9     41    159    129      0    349    491    567    386
     31     81    151    162     25     60     46     56    150     24    267      0    723    474    178
     86    157     65    158    152     77     20    293     57    131    367    103      0    494    372
     80     86     53    122     72     48     13     83    133     77    108    475    414      0    135
     13     27     42    167     92     70     52    264     48     83    333    595    576    637      0
      0     32     59    205     29     52    238     32     20    163    213    533    312    106    349
    139      0     64     96     80     15    131     68     61    167     53    299    677    458    242
    147     63      0    193     22     33    124     48     29     42    243    318    949    439    296
     56     65     61      0    138     78     92    130     64    171    395    519    999    419     64
    141     74     69    260      0     30    244     49     58    156     63    477    590    486    212
     93     69     31     87     63      0    194    124     71    156    239    588    140    503     91
     96     47     48    148    128     11      0     25     34     74    389    140    864    489    335
    107     54     64     95    145     49    231      0     58    303    102    473    833    458    383
    146     46     70    231     92     38     83    116      0    170    450    595    647    112    263
    135     74     56     95     57     57     64    152     41      0    177    697    498    244    338
     35     25     54    113    149     60    171     70     11    215      0    360    845    399    357
     64      8     18     74     53     52     68    138     25    153    224      0    873    506    135
     49     49     23     65    144     74    168     77     59    136     75    545      0    450     62
    147     74     72    247    127     26    236     22     34     84     73    669    982      0    346
     45     23     51    102     94     99     63    110     43    170    469    522    877    481      0
      0    179    119    304     53     89     79    454    159    361    303    143     43     25     55
     22      0     30    332     57     21    150    483    596    540    208     37     44     36    107
     71    328      0     88     59    107    118    383    339   1355    174     78     62     71     98
     63    221     22      0     45     44    215    419    144    260    211     23     40     38     88
     57    244    140     78      0     40    199    808    256   1231    180     35     68     18     61
     61     90    102    241     15      0    263    251    588    481    272     22     15     56     75
     42     40    150    263     91     21      0    289    331    271    290    154      9     30     91
     54    243    113    109     56     65    433      0    493    535    202     59     61     93     99
     54     63     41    303     90    101    142    352      0    269    251    132     82     36    109
     38    102     95    185     36    102    371    797    340      0    126     30     51     78    104
     72     47    136    255     61     81    577    768    128    977      0    121     78     90     94
     66    247    109    154     40     67    285    801    226    457    101      0     14     73     59
     69    305     36    333     82     97    511    273    567    907    278     21      0     33     67
     19     99    127    264     31     44    378    670    580   1167    189    161     83      0     79
     32     96     28    337     88     91    373    611    592    337    112     78     84     66      0
      0     54     87     51    109    111   1089    104    473    866     77     88     62     33     45
     83      0    247     92    111     67    313    182    375   1114     70     15     85    191     66
     51     44      0    115    188    122    450    336    843   1380    106     65     62     54     60
     72     11     73      0    200     91    659     94    512    872    128     10     18    160     34
     94     34     38    108      0    125    487    104    697    358    100     55     51    124     84
     61     46     30     24    163      0    705     56    318   1173     94     47     26    189     53
     88     59    247    158     73     35      0    225    393    542     29     20     69    240     60
     54     64    207     34    225    113    875      0    105    173     91     79     27     74     78
     57     66    144     25    107    115    688    364      0    850     99     84     20    185     46
    100     57    120     52    221     67    152    333    769      0    105      9     85    198     49
     21     55     70    109     73     56    470    207    401    431      0     28     50    192     30
     19     32    145    138    203     29    609    217    347   1014     24      0     22    197     59
     67     63    230     71    209     88    659    232    265    243     70     44      0    135     21
     90     14    100     33    132    115    854    116    192   1307     85     48     89      0     21
     99     70    206     89     26     63    985    295    175    552    183     82     57     40      0
    892    674    793    897    689    612    754    988    802    512    783    983    685    821    943
