 6 
 5 
 5 
      0     90    689    194    165    494 
    668      0   1324    811    241    206 
    631    387      0    125    281    375 
     80    495    615      0    222    221 
    276    204   1127    490      0    676 
    109    409   1780    394    200      0 
      0    257   1632    330    117    285 
    159      0   1309    297    803    404 
     98     82      0    271    222    383 
    110    404   1174      0    750    386 
     73    507   1679    190      0    107 
    152    487    355    646    315      0 
      0   1112    505    422    414    132 
    627      0    560     99    227     86 
    373   2007      0    235    384    205 
    482   1638    262      0    233    129 
    223   1196    520     55      0     75 
    200    782    271    292    235      0 
      0   1348    490    447    186    169 
    625      0     74    307    777    326 
    114   1645      0    288    975     68 
    156    578    447      0    554    212 
    353    732    118    373      0    283 
    328   1071    387    352    199      0 
      0    159   1103    218    297     95 
    631      0   1618     95    253    109 
    552    213      0    432    397    141 
    418    122    797      0    108    495 
    115    154   1610    425      0    158 
    167    214   2092    471    323      0 
    898    911    627    538    738    977 

