 6 
 5 
 5 
      0    269    119    205     32   2821 
    582      0    156    225    135   1110 
     99    292      0    136    125   1794 
    183    205     50      0    133    762 
    355    242    147     65      0   2504 
    533    367     86    137    114      0 
      0    291     85    216    143   1403 
    199      0    183    727     79   2042 
    208    356      0    146    118   2028 
    338    363     88      0    215    590 
    239    735    401    445      0    764 
    160    754    303    265     98      0 
      0    689    105    334    326    194 
     83      0    297    531    656    182 
    326   1669      0     77    642    257 
    309   1396    441      0    190     78 
    214    347    292    743      0    265 
    354   1450    450    693    392      0 
      0   1446    245    562    350    249 
    172      0     70    491    299    309 
     50   2189      0    130    106    145 
     91   2060     72      0    317    283 
    291    577    365    695      0    239 
    176   1551     76    313     59      0 
      0    155    495     90    408    206 
    967      0     78    321    407    411 
   1234    194      0    263    628    598 
    989    317    115      0    615    710 
    734    220    427    323      0    531 
    760    410    585    170    619      0 
    604    574    522    675    748    922 