   30 
   5 
   5 
    0   35    6   10    9   17    9   24   17   26    7   88   82   86   83  102  153   14   37  158   12   27   12   20   16   25   13   17   53   43 
   47    0    3   16    2   42    8   20    6   13    7   70   76   53   96  233  162   59   80   18   16   51   26   24    3    9   15    7   40   45 
    8   22    0    2   11   21   12   26    9   12    5   89   57   11  136   58  186  102   43   29   14   10   19    7   17    6    3   13   16   31 
   14    9    9    0    2   34    6   46   14    8   12   57  114   95  137  136  212  100   67   78    8   24    5   23    3   12   18    6   24   42 
   28   31   14   23    0   24   14   19   19   35    1   24   85   97  168  147  204   28   60  124   15   29    6    4   17    3   27   22    7   22 
   43    7    4   21    2    0   10   12    4   18   13  115  131   81  138   62  132  103   64  124    5    8   10   11    9   17   21   19   22   23 
   27   41   10   11    8   40    0   47    5    8    7   82   17   20   45  249  209   18   21  169    8   10   23   26    6    9   26   10    9   25 
   36   23   15   22    7    6   23    0   11   28    9   95   71  102   96  158  122   16   73  158   17   41   15   11   20    5    6   12   24    6 
   30   24   15   21    2   14   12   47    0   29    7   59   80   35  160   46   56   75   31  131   14   56    7   16   21   28   28    4   10   26 
   21   40    4    6    8    9   21   39   10    0    6   40   35   35   30   97   35  107   89  185    6   28   26   13    6   14    4   14   46   35 
   25   28    5    6   10   34   11   43    6   25    0   72  132   17  161   83  134   27   44   71    9   22    9    4   21   21    6   12   26   21 
   37   19   12   13    4   47   15   11    8   15   12    0   43   17  108   93  158  100   31  121    4   38   14   26    9   21   19   18   18   33 
   36   12   10   17   14   11   24   25    9   33    2   24    0   87  102  229  148   71   49  126   18   53   20   27   10   28   20   17   34   25 
   47   30    3   16   12   42   13    5    8    9   12   50   60    0   31  123  205   60   47  161    3    6    8   27    2   20   21   17   44   36 
    5   15   13   22    4   34   18   44   10    7    7   85  113   88    0  102  201   49   73  169    2   48   24   17    5   21   21    7   41   22 
   15   15   12    6   12   23    6   23    5   11    8   72   29   55   45    0  172   52   50  141   13   24    6   23    6   16   31   23   44   20 
   44   31    8   23    8   42    2   32   15   15    7   99  111   79  160  172    0   31   87   32    7   31   25    7   18    4    7    5   17   45 
   26   32   14   15    2   22    8   37   23   13    3   43   83   17  104  142   54    0   80   44   17    9    7   10   10    7    8   11   34   10 
   40    8    5    4   10   27   21   31   20   30    1  106   33  103  114  128  123   37    0  140   11   17    4   21    5    3   15    5   52   12 
   44   19    6   12   13   27    7    5   18   12    9   82   78   89   23  102   42   56   84    0   16   36   16   16    4    6   18    8   30   42 
   26   37   13    3    6   42   14   11    8   16    1   51   77  102   65  193  207   79   36  123    0   34   26    7    3   16   27   20    5   38 
   23    9   11    6   12   41   10   36    9   25    8  118   95   61  134  142   92   20   16   44   13    0    9   17    7    5   18    9   46   40 
   12   42    2   20   10   34   20   45   16   27    9   84  135  101   97  209   74   43   43  156   12   41    0    8    5    3   24   11   35    8 
   27   31   11   12    2   42    9   19   12   20   11   37  117   41   67  229  144   47   85  172    9   46   14    0   12   14   25   15   49   12 
    8    8    2    8   15   10   10   23   15    9    8  119   48   95  127   55   72   92   26  113    8   10   15    4    0   28   11    9   22   27 
   36   29    8    7   12   21   17    7   15   31    3  105   40   98   77  107   76   63   23   93   13   55   18   16   10    0   30    6   45   36 
   33    5    5   12   15   31    5   15   16   24    3   99  125   93   24  221  130   76   68   32    8    6   27   25    4   13    0   11   21    4 
   35   16   12   11   12   36    9   32    8   12    4   66   98   30  108  236  153   59   59  139   18   28   12   29   13   22   31    0    8   16 
   22   17    8    3    9   27    4   33   11   28   11  129   39   93   30  102  197   98   41   31   11   29   26   12   13   28   21   18    0   38 
   30   10   12    8    9   44   24   47    4   34    6   59   73   78  138  259   55   42   49   45   11   48   10   26   12    3   22   18   30    0 
    0   18   37    4   22   11    7   18    3   22   35   11   35    5   13   11   24    4    9   20  170   37   74   21  192  135  133   69  120  171 
    7    0   22   27   18   15    6   29   16   29   26   23   22   16    8    8   26   10    3    7   87   30   99   87  105   43   14   71  129   85 
    4    7    0   38    4   12   33   19   20    6   13   25   16   19   16    4   25    6   14   20  151   30  121  171   42  126   39   76   30   22 
   10    7   27    0   26    4   20   24   10   34   39    5    9   13    5   11   20   12   12    5  109   30   32   84  115   43  112   33  100  106 
   12   39   15   42    0    3   21   24   18    5   37   13   25   11   16    9   18    7    9   24  151   26  100  130  176   91  107   66   75  164 
   10   14   19   23   13    0   25   33   12   31   36   22   46   15    7    8   23    6   15   13   97   48   57  160  144   48   88   20   70  127 
    7   18    9   34    8    3    0   25   13   28   16   24   15    8   12    9   11    4   21   23   96   43  150   70  165  105   15   37   66  128 
    9    6   12   11    3   11   25    0   12   27   11   15   42   26   22    8   18    7   13    6  191   12   31   61  153   27   82   24  110   91 
   17   28    5   21   16   12   17   11    0   25    6    6    5   13    5    3   22    9   10   32  106   46  192  110   58   67  112   12   71  143 
   12   22   24   24   17   11   18    6    3    0   11    7   47   20   12    3   20   12    4   24   55   32  184  105   57   68   21   10   16   96 
    9   23    9   37    6   12   29   13    5   26    0   16   30   26    4    9    8    9    4   29   53   54   62   55  179   84  118   74   20  100 
    7   11    9   23   10    6   29   13   14   24   20    0   14   17    5    5   27   13    3   21  103    7  200   88  109   56   92   47   78  166 
    2    9   22   21    4    6    3   27    8    6    6   13    0   27   12    5    7    7   19   31   52   55   81  100   22   95  127   29   80  136 
   11   31   28   16   12   11   13   19   12   21   19   30    5    0   24    7   19    9   12   19  158   29  128  154  137   48   89   31   25  169 
    7   13   34   33   19   13   20   15   13   10   30    6   29   11    0    5   19   15    2    9  169   15  195   32  173  112   18   27  113  153 
   14   30   35    7   18    3   18   18   19   31   17   10   34   14    5    0   20   12    5    3   57   38   50   49  182  144   28   36   71   99 
   11   41   28    5    9   17   31   38   16   21    7   10   47   14   23   10    0   13   12   15  162   13  153  136  216   16   21   72   81   29 
    6    6   21    7   18   19   29   14   20   33   28    8   23    5   13    5   26    0   13   13  154   38  164   75   32  100   36   47  103  119 
   13   11   36    6   15    7   23    4   13    5   30   14   25   10   15   11   26    7    0   26   61   35  166   72  183   52   75   29  122   55 
    6   35   31   24   21    3   28   42    4   31   11    8   34   10    6    8   11   11    8    0   76   54   48   19   58  142   66   51  114  140 
    2   21   21    9    5   18   14    6   10   30   20   21   45    3   17    3   23   10   17   16    0   56  159  132  222  144   72   22  125   93 
    6   40   33   15   22    8   29   27   10   20   26   11   14   13   22   12   14    8    5   19   47    0   73  108  213   31  137   55   81   61 
    6   27   12   13   21   19    4   28    6   32   39   14   41    8   15    8    9    7   15   21   48   40    0  146  148  116   31   22  127   47 
   16   26   21   12    9   18   30   11   11   20   33    7   44   22    4   11   24    8   19   14  163   11  120    0   72   53   40   34   40   99 
   11   42   25   18   11    3    6   30   18   23    4   17   23   23   13   10    4   12   14   21   93   16   73   62    0   69   75   13   68   98 
    7   26   32    9   19   15    5   33   19   33   38   21   12   12   17    8   18   11    4   22  132    7   82  166  103    0   65   24   55   54 
   12   23   38   23    7   20   23   21    5   29   20    8   38   15   13   12   31   11   10    8   55   13  198   66   93   20    0   46   77   41 
    2   17    9   34   11    8   31   32    9   27   14   13   12    6   17    9   10   15    4    4  167   56   73   74   66   75   89    0   53   65 
    9   39   27   27   29    4   14   34    5    6   20   16   50   24   18    6    8    7   15   23  194   44  143  170  205   65  129   50    0  149 
    7   41   30   42    4   20   19    8   17   21    4   19   29   24   10    6   23    7    4   13  109   46   68   71   73  121  128   77  126    0 
    0    5   23   82   24  108   29   55   17   23    5    1    2   10   12   15    3   22    7    8   36  135   45   15  103   24   81  146   33  123 
   38    0   23   38  105   78   27   40   52   39    3    2   13    7    2    7    5   14   11    9  102   28  131   21  137   39   71   97    9   41 
   25   11    0   65   35  100   62   47   40   55    5    2   12   26    4   17    1   24   21   22  113   27   81    7  118    6   81  142   26   89 
   14   18   18    0   50   39   12  117   34   32    1    5    4    3    1    9    2    4   29    5  135   36   43   29   34   33   62  116   25  117 
   38   52    5   58    0  150   70   49   67   41    7    3   16   13    7    4   10   20   25    8   84   67   39   44   92   16  101   54   16   88 
   37   45   34   75   23    0   58  126   45   31    5    5   16   27    6   11    4   26   12   23   82   30  106   45   28   13   23   23    8   84 
   62   16   10   25   98  126    0  166   29   20    6    5    3    6    8   13    7   13    7   16  113   93  116   42  140   26  110   80    6   22 
   62   45   12   51   45  128   28    0   49   24    7    3    5   26    8   13    6    5    9   21  123   86  121   29   20   25  103  126   24  116 
   40   47   10   38   46   32   32   39    0   51    2    4   14   21    4    9    7    5    5   28   75   60   23   34   56   39   45   66   22   44 
   18   34   23   16   34   17   60   52   50    0    4    5    2    9    6    5    7   23    9   25   20   88   62   34   92   35   19   24   26   84 
   36   31   31   83   26  114   22   53   31   21    0    1    9   27    8    2   10    8    5   16   60   26   41    7   47    7   30  152    7   53 
    9    6   22   46   50   49   70   19   86   44    2    0   15    5   12   12    8   27   17   24   43  125   58   25   89   17   13  137   15   30 
    7   48   36   20   98   71   77   26   68   44    6    3    0    9    4    4    8    9   25   16  119   63  124   29   23   15   69   17   23   96 
   19    8   38   61   41  127   20  103   41   40    4    0    2    0   11   13    4    5   22    3   45  104  141   48   17   31   42  158   42   34 
   39   22   19   61   49  157   48  145   79   32    5    0    3   18    0   18    7   21   35   25  119  114   87   43   64   31   28   90   26   88 
   43   32    8   60   62   93   13   47   62   48    7    0    6   14    7    0   10   17   28   10   84   75  146   42  116   18  109   99   27   87 
   17   48   26   16   44   88   12   98   55    7    4    5   15    3    1   12    0    9    6   27   64   32   26   45  116   29   32   60    7   88 
   24   29   18   71   16  154   32   75   36   33    4    2    7   27    3    2    2    0    6   14   44  132  150   43   92   32   91   76   17   70 
   24   11   13   32   20   64   11   38   40   21    6    4   10    5    1    8    1   16    0    3   58   99   46   40   47   14   62  150   12   30 
   22   29   24   27   99  152   67  145   38   18    4    5    4   14    2    6    3   16   26    0  131   99  130   49   52   19   79   18   19   53 
   56   26   27   36   85   53   54  105   68   32    2    5    3    9    3   13    5   17   33   24    0   49   93   41   77   14   31   19   44   88 
   27   24   16   50   11   80   25   63   68   36    1    5   12   13   11    5    4   20    3   12   49    0   41   31  108   31   67  128   29   38 
   11   35   32   42   36   30   65   51   85   24    5    5    7   19   11   17    8   18   16   14   50  126    0   16  103    6   15   91   33  128 
   64   42   33   11   82   17   67  118   35   34    7    5    6    3    5   12    2   15   28   28  136   19  107    0   49   29   85  119   41   34 
   58   49   36   44   58   17   37  145   53   11    7    3    7   16   10   12   10    4    8   12  126   80  132    9    0   33   59  103   41  126 
   42   35    4   10   20   57   59   21   62   15    5    2   14    3    3   16    9   11   15   30  127  113   17   51   85    0   86   27    7  123 
   21   22    6   24   73   82   13   40   83   47    2    1    5   23    5    2    6    9   25    8   16   67  129   10  114   39    0   53   18   90 
   49   12   38   35   93  102   59  162   56    6    5    4    3   16   13   15    3   25   10   11   20   75   47   14   89   24   90    0   10  124 
   26   41   29   85  103   43   19  134   37   14    5    5   17    9   12   15   10    5   10   21   34   26  111   47  111   27   64  105    0   43 
   46   27    7   23   74   26   30  104   37   15    2    3    5    6    3   18    2   26   10   26   59  116   26   23  138   11   56   66   34    0 
    0    9   24    3   22    3   14    2    7   19   17   18    6    4   14   13    7   37   22    8   50  220  151  127   36  123   51  181  140   49 
    2    0   30   12   27    2   10    8   15    4   30    8   18   20   17   17   14   30   21    7   31  184   93   64   64   30  101   28  125   77 
    4    3    0    6    7   13   13   10    7   15   32    4   22   13    2    9   15   34    8    9  143   88   87   22   70  185   43  112   73   10 
   14    1    9    0   13   14   12    6   13   12   10   18    5   15    8   17   12   17   11    4   77   43   98   53   71  106   38  168   39   74 
    5    6   17   11    0   17   16    2    9   23   11   13    5    9   14   24    2   18    6    9  127  144   33   69   26  195   65  178   42   41  
    5    8   18    2   32    0   14    3    9   22   11    2   20   14   15   12   12   22   35    6   79  177   62  122   20  216   73  159   91   57 
    9    6   22    8   16    7    0   10    5   34   11    3    7   19   18    3    5   15   22    6  127  208  204  116   21   98   14   22  128   26 
   13    5   20    2   20    3   15    0   11   30   22   20   23    6    8   22    4   47   38    6   37  147  113   42   56  136   12  194  101   68 
    9    6   25   11   20   10   21    2    0   14   25    8   15   19   17    4   11   14   32    7   98  194   82  126   40  146   46   27  105   27 
   12    9   22   11   31   11   10    6   11    0   17   12   17    8   11    4   12   31   30    8   77   79  185   44   43   71  116   74  117   33 
   11    2   21   12    5    9   17    9   16    5    0   17   24   12   17   18    4   19   30    9  154  124  185   91   53   29  105  146   40   68 
    5    4   17    3    4   10   12   10    6    9   31    0    7   21   12   17    4   12   21    4  149  172  175   13   50  188  101  169  120   48 
    2    6   26    8   21    4   18   10    5   33    6   19    0   15   18   21    2   22   11    9   19  199  100  104   70  240   86  150  117   32 
   11    5   27   11   28    7    9    7   17   25   11    6    7    0    7   23   14   14   38    6   98  214   84   80   38  204   12   64  133   62 
   10    3   11   13   16    5   19    2   14   12   13    8   22    2    0   13   12   26   11    9  166  112  161  116   25   34   89  137   93   34 
    1    9   29   10   16   15   19    8    9   11   10   10   21   12   12    0    7   42   25    9   79  171  212   15   63   27   14  141   48   63 
    7    6    8   14   16    8   22    5   14   14    8   21   25   14   14   21    0   40   30    6  114   52  108   34   26  237  106   23   31   13 
   10    7   16   10   28    9   20    7   14    9   25   15   16   15    8   10   11    0   35    2   56   34  132   52   16  179  112   35  148   55 
   14    3    9    2   18    8   11    7    8   12    7   24    7   19   16   23   13   21    0    8   99   32  163  126   17   98   14  164   99   58 
    5    6   13    2   28   15   16    3   14   30   14   13   11    5   17    6   10   19   32    0   98  168  108   91   21  202   76  140   64   12 
   11    2   11   12   33    9   16    2    9    7   23   15    8    4    4    2    7    9   39    5    0   68   76   30   37   64   80  172   31   66 
   14    4   21    2    7    2   13    7    3    8   32   13    5   18    2   23   13   30   21    5   74    0  166  105   65   95   66  131  136   49 
    8    1    4    4   27   10   17    8   16   30    6   12   20    2   16    5   13   16   17    3  169  162    0   72   40  136   16   47  146   56 
   10    6    5    4   25    8    3    1    2   28    6   16    7    7   17   12    3   38   31    2   73  179   55    0    8  240   96  185   69   31 
   11    6   19    2   13    2   21    4    5   24   14   21   13   13   11   17   12   10    9    2  125  220  185   21    0   27   57   75  121   44 
    5    5    6    9   32    6   11    9    5   26    5   15    9   21   16   10   12   22    9    6  147   46   36  129   15    0   41  174   21   55 
    2    7    5    7    9   10   17    1   16   34    9   17   13   19    8   19    9   41   19    6   93  168  125  128   33   36    0  124  129   52 
   10    3   17    5   17    8    5    2   11   34   26   13   24   20    4   21   14   34    8    8  169   62  205   80   20  156   46    0  139   30 
    4    4   13    9   14   11   20    3    2   27   15   15   19   12    7   20    7   25    7    6   82   61  168   45   71  147   48  198    0   49 
    9    5    4   13    7   10   19    2   14   21   30   11   16    9    5    7   15   19   22    7   83  219  206   76   56  148   25   21  118    0 
    0   28   19  173   10  100   27  156   63   68    7    3   13    4   10    2    9   10   23    5   17   37  127   34  104   37   20   27   86   18 
   64    0   15   19   15  103   29   65  105   67    5    5   11   11   16    5   15   22    3    1   16   25   74   38   89   58   40   27   35   63 
   40   13    0  101   32   22   13  163   60   45    2    3    5    9   16    6   15   13   22    5   30   14  105   45   77   59  101   24   41  104 
  158   71   65    0   57   45   51  109   51   14    1    2   14    2    9   14    9   19   16    8   15   20  116   15  139   39   29   16   51   39 
  136   56    9   19    0   30   47  128   45   40    1    4    2   15    7    8   17   26   16    3   18    5  106   11   31   13   73    5   82  119 
   42   13   69   67   21    0   63   70  120   36    3    3    4    2   16   11   13   14   17    2   31   12   79   39  123   27   10   30   63   31 
   39   22   58  134    9   44    0  126   45   29    5    3   11   12   11    6   30   27   20    3   17    5   64   35  174   57   96   10   45   78 
   33   51   14   25   25   12    9    0   27   23    5    5   11   15   12    9   18    9    5    8   40   16   77   34   26   31   10   39   54   74 
   97   77   33   81   38   25   31   95    0   43    5    3   13   13   15   11    4    8    7    7   27   27   46   35   74   14   79   40   35   62 
   26   29   66   69   52  105   39  108  128    0    5    8   11   12   10   14   23   25   13    4   13   21   90   26  172   26   93   41   40  115 
  100   58   39  129   49   95   62   65   88   29    0    7    7   10   12   10    3    9   10    2   25   20   29   47  134   17   66    6   12  118 
   29   65   14   20   37   98   20   87  117   23    6    0    8   10   14    2   19    9   23    6   36   23  103   21   69   24   46   46   54  109 
   93   25   61   34   47   14   37   46   21   65    4    8    0    2    4    9   22   13    3    3   14   30   41    8  120    8   34   45   72   42 
   73   14   55   53   43   85   53  109  116   53    1    3   12    0    7    9   22   29   20    9   10   25  100   10  105   59   76   36    9   50 
   96   57   39   46   33   59   12   71   91   13    4    6    7    5    0    3   19    6   13    9   40    5   87   42  127   35   82   26   77   62 
   94   69   29   42   49   95   53   97   44   29    2    6   12    9    8    0   18   18    2    8   10   26   47   23  154   24   84   27    9   43 
  144   54   69   81   28   23   49  151  104   36    4    4    3    4   10   12    0   23   21    5   12   21   89   18   97   43   11   16   79   97 
   99   76   27  128   57   40   24  114  115   57    5    6    4    3    3    2   14    0    6    4   11   37   55   35   54    6   62   29   66   75 
  105   64   48   82   28  107   16   80   68   26    2    3   13   16    8   14   23    7    0   10   27   38   80   55  144   36   68   24   53  109 
  112   25   53  153   17   72   22  151   13   29    3    4   10    9    8   12   28   15    2    0    6   16   62   65   59   14   74   21   83   23 
   64   12   16  145   12   14   49   65   18   38    2    8    2    9   15    6    6   25   10    2    0   25  134   61   30   27   90   10   41   32 
  101   59   39  143    7   18   41  137   55   60    4    1   10    7   11    3    6    8    2    4   27    0   99   62   22   37   11   26   43  113 
  112   77    7  148   61   50    8   44   49   65    5    4    9   17    7    3    5   25    7    5   19   15    0   60   56   32   49   15    9   92 
   50   25   51  116   10   62   40  124   52   46    2    2    2   12   12   11   16   19    4    6   14   23   71    0   65   17   66   33   76   48 
  180   67    8   25   36   79   54   19  114   11    1    7   13    7   11   12   28    5   12    1    8   21   73   33    0   53   83   28   78   91 
   97   42   36  100   37   50   37  140   68   52    7    4   13    4    2    4   30   15   15    3   41   17   39   40  151    0   18   22   17   66 
  121   59   48  162   19   47   37   72   18   10    7    6   13    6    9    9   10    6    6    6   35   35   31   13  169   43    0   46   70  113 
  154   70   18  157   49   72   39   64   79   54    5    8    1   13    2    8   10   14   19    9   26   14  113   23  143   51   14    0   18   49  
   58   62   50  100   18  103   55   52   54   58    4    1    8    8   12   13   30    6   13    9   34   29   86    7  152   40   37   44    0   83 
   56   55   17   75   45   53   65   36   98   40    6    3   11    2   14    2    4   30    9    2   20   17  130   48  116   46   94   34   85    0 
  910  973  876  637  584  605  775  524  756  905  701  945  984  546  759  734  812  937  685  761  844  545  742  618  797  763  975  980  670  799 
 