   30 
5 
5 
    0   50   98   73   53   73  163   42   89   73  103  168   60   56   16   16   15   12    4   29    8   11    4    6   18    4    8    5   26    2 
   28    0   66   72  106   56  133   69   37   51   16   47   42   20    7   10    5   14   10    3    6    7    7    8   22    9    2   33   17    2 
   81   61    0   93  180   63   70  100   13   39   70   83   55  115    3    4    4   34    8   28   36    7   19   26   27    7   11   37   11    6 
   60  103   78    0   73   86   52   35   33   45   47   65   35   80    5    4    2   24    1    5   22    8    6   20   21   15    8   21    3    4 
   21  114   61   94    0  100  150   21   84   18   16   34   26   45   12    8    7   30    7   18   14   11   12   20   21   16    3   14   11    6 
   50  122   11   11   81    0  131   56   25   45   43  167   60   17   17    3   12   15    3    7   16    2   11   13   22    8    3   16    4    2 
   15  105   99   90   87   91    0   64   80   91  105  116   45  106   14    3   19   34   12   21   20    8   11   19    7   11   17   29    6    5 
   42   29   84   51   38   44  103    0   60   22   97  133   12   41   11    8   15   29    3   30   29    9    7   11   11    8    6   20   11    6 
   81  111   12   72   42   18  168   57    0   58   81   72    7  130   11    3    8   32    3   27   31    2   10   31   11   13    7    9   19    5 
   42   15   38   31   73   95  150   47   89    0   56  128   40   19   11   13   10   17    2   22   26   11    9    5    7    6   12   34   25    2 
   83  137   99   68  149   24  147   45  105   77    0  108   31   34    3   10   11   28    7    4   10    2   13   31   15    2   10   19   13    5 
   63   47   75   26  233   90   88   29  106  122   51    0   25   31    9   15   17   16   10   16   12    7    7    8    5    9   10   11   20    5 
   71  128   99   93   94  121   37   53   44   35   98   31    0  121    3    9   12   25   13   23   17    8    5   26   14    3   14   31   20    3 
   65   31   64   66   53   84   42   89   58   79   48   24   29    0   12    5   12   26    4   16   36    2    8   19   31    6   11   19   20    8 
   28  135   17   41  152   29   80   48   86   26   37   79   43  133    0    8   12   27    2   23   36    3    4   12    8   15   10   16   15   10 
   54  126   21   93  206   62  122   23   29  107   50   77   13  107   15    0    3   27   11   14   34    5    5    7   25    9   18    3   16    5 
   31  115   59   46  132  104   29   38   20   33   72  163   51   25   16   12    0   12   10   17   38    7   18    5    5   10   16   28   17    8 
   71  100   35   54  188   99   35   27  108   15   70  158   45   86    8    3   17    0    6   26   11   11    3    8   25    4    6   15    7    2 
   82   98   70   35   31   79  136   62  100   37   32  100    6   71    4   15   16    8    0    6   20   10   10    5   21    5   10    7   27    8 
   51  146   61   43   31   55   67   23   35   92  106  183   49  101    8   10    3   23   12    0   15    7    7   23   29    3   16   29   12    5 
   50  115   50   68   53   43  117   58   81   23   19  181   17  119    9   11    3   35    8    7    0   11   19   14   29    7   15   15   20    4 
   43  129   86   75  128   58  107   23   75   77   69  145   15  140   10    3   17   31    7   18   33    0    2    3    6    9   17   33   12    4 
   69   80   24   39  122   36   89   20   51   26   50  166   12   87    2   10    4   26    8   19   19   10    0    8   17    4   11   29   13    3 
   46  128   74   53   30   34   28   88   25   21   15   81   58  122    6    6    3   10    2    5    5   11   17    0   18   14    2   29   23    5 
   68   78   33   56   35   87  137   56   89   90   61  135   54   38    4    9   18    3    9   21   13   10    7   27    0    9   14    5   22    1 
   11  151   29   19  215   74  134   38   48   29   83  165    8  132   15   14   19   24    5   22    6    6   17   25   19    0    6    6   26    2 
   58   90   91   31  182   40  104   27   81   47   20   51   50   50    6   11    2   30    9    7    5    4   13   23   30   12    0   35    9    1 
   74   59   10   52   29   44   94   44   58   99   69  140   25  105    7    7   19    7    1   16   12    2   16    7    8   14   11    0   23    8 
   44   50   53   77  140   43  102  103   92  120   42   86   36  129   12    2   12    9    6   22   33    4    4   22   17   17    2   30    0    8 
   30  101   78   84   34  107   60   43   57  116   37  158   39   52    2   13   15   13    3    5   17    3   18   22   18    8   16   35   24    0 
    0   71   32   18  134   58   19   93   94   52   93   94   32   81    7   23    8   19    7   11   12   24   23   18   14   22   25    5   13   21 
  123    0  116  106  185   82   66   62   61   49   38   18   85   49    4    3    3   17    7   30    8    7   12   18    9   18   27   10   19   12 
   33   50    0   86   22   35   57   19   62   37  103   58   56   92    6   15    2   20    9   17    2   23   15    9   19   10   10   14   14   12 
  199   91   84    0  109   43   59   61  129    6   41   43   54   44   11   18    9    5    2    5    3   22   17   25    7    9   12    9   13    6 
   97  137   70   98    0   51   36   40   29   38   35   18   79   51   15    8    7   14   10   13    1   33   14    2   12    2   17    4   11    9 
  128  170  101   66   47    0   22   63   31   51   53   50   38   18   14   26    7   21    6   13    1   19   17   12   12   19    5   15   19   18 
   58  134  132  110  132   32    0   88   68   15   61   75   47   57    3   30    9   10    4   14    6   14   23   10    5   22   24    8    8   21 
  144  111   66   77  149   61   53    0   33   50   86   56   41   15    8   26    5   11    8   18    4   39   12    9   14    4   17   14   15   19 
  189  157  111  153  145   65   71   87    0   23   80   35   98   74   13   31    6   10    1    5    8   32    9   14   18    6    6   11    9   10 
  144  122   40   42  103   11   50   44  140    0   30   65   16   27   13   21    9    9   10   25    5    8    7   11   12    2   21   13   13   17 
  122   70   45  143   31   33   18   35   81   17    0   54   37   82   12   19    7   18   10   33    9   38   12   16   14    6    4    3    2   22 
   30   90  121   93   65   79   20   15   47    9   44    0   89   25   16    4    5   13    8   25    8   21    9   19    3   15   20   15    4   21 
   53   39   63  105  105   50   59   84   62   45   81   79    0   40   15   20    6   22    1   29    9   38   23   11   16   25   18   14   10   21 
   84   73  150  129   87   22   18   88  116   50   75   67   60    0    8   25    9    9    4   25    2    9   11    7    8   13   28   13    5   14 
  176   92   62  152   90   65   70   96   45   10   30  109   25   80    0   14    2   14    2    5    1   18   10   20    5   26    8    6    7   15 
  123   53  126  132  166   10   38   37   93   15   86   96   84   63   13    0    2   21    8   24    8   26    3    6    3   25    8   11   16   13 
   21  122   49  120  136   49   57   21  112   47   29  107   81   14   17    5    0   14    4   23    6   16   20   20    8    9   27   15    5    7 
   83  163   76   71  187   49   61   24   46   22   12   52   74   38    8    5   10    0    5   19   11   25   12    2   17   11   18    5   12   16 
   98   68  102   26   99   44   39   18   21   38   96  100   94   65    7    7    7   23    0   19    2   18   18   25    3    9   10   13    3   22 
  196  142   47  129  179   97   50   25  117   29   88   40   26   94   11   29    6    5    6    0    8   15   11   20   17   22   17    8    5   14 
  164  121  164   51  185   97   57   82  135    5   94   81   41   71    7    4    7    5    9   13    0   35    3   22    8    5   22    9    3   22 
   24   95   25  114  131   19   22   22   62   23   61   80   93   38    7   28    1   14    1    3    5    0   16    7   13   16   15    6    5    4 
  168  153   82  108   48   38   39   73   53   12   31   24   82   31   16    6    3   18    3    7   10   27    0   12   12   15   14   15    3    9 
  156  110   28  153  116   37   45   18   54   42   22  111   25   27   11   22    2   16    2   30    1   24   15    0   11   14   21    4   13    5 
  115   20  128   97  125   37   70   86   57   52  109  102   34   77   11   22    4    4    9    8    5   16   22   18    0   15   29   11   15   12 
  107   50  137   37  105   65   76   17   52   28  107  116   89   76    8   28    8    8    1   24   11    9   16    6    5    0   24    3   12   15 
  178   41   54   47   85   51   38   87   91   42   27   18   13   76   14   23    4   17    5   18    6    8   13   21    4    8    0   14   16   10 
   29   54  159   33   74   94   71   39   67   27   84   53   20   28   12   26    8   13    1   27    8   11    5   24   17    7   18    0    8    4 
  126  156  121   21   57   10   65   81   53   21   94   55   76   37   10   17    1   19    2   13    2   19   17   10    9   21    6   10    0    5 
   90   48   27  131   92   74   84   25  143   12   62   47   44   29   12   16    4   20    7    5    3   39   14    5   18    4   21   15   18    0 
    0  115   26   67   66  157   15   21   27  138   69  124   44   49    6   12   20   16   11    3   27    5   14    5   30   21   24    5   11   24 
   26    0   31   22   54  176   13   28   10  148   20   51   17  110   11    2    3   10   22    7   27    4   27   11    8   17   26    6    8   25 
  107   31    0   38  190   34  103   12   48  148   75   85   29  112   25    3   18    6   15    5   21    6   18    5   16   33    5    7    2   19 
  114  147   40    0  165  149   46   46   14   93   63  126   62   58   12    8   18   14    7   16   27    4   26    5   12   17   26    4    3   17 
   52   27   32   66    0   36   99   78   20  135   23   77   59   85   28    7    3    3   10    8   30   11   15    2   13    6   13    7   16   28 
   80  105   31   19  101    0   37   51   63  139   46  133   28   24   40    9   13   15   21   12   14    8    8    8    8    6   25   10   14   26 
   87   38   56   46  173  177    0   53   45   96   87  142   59   99   32    6    7   10   26   20   23    2    7    3   24   33   20    8   10   28 
   54  110   41   44   93   69   72    0   54  129   75   25   36   69   23    1    6   12   25   16   32   11   12    2   10   30   15    5    8    4 
  109   90   47    9   93   29   91   67    0   34   85   26   28  123   12    6    3    7   25   15   15    2   10    7    8   20    6    7    3   16 
   34   98   15   54  183   27   24   64   34    0   80   20   38   84   14    6   19   16   19    2   30    9    3    7   18   25   29    4   12   17 
  106  185   41   45   88   94   23   30   57  141    0   87   12  123    6    3   11   12   10   23   13    5   25    2    4   30   10   11   11   22 
  120  176   56   16   54  153   61   42   62   99   51    0   62   59   31    7   11    3   25   20   11    9   13    3    4   18   12    4   15    9 
   92  170   32   45  191   20   69   29   38  139   15   74    0  118   16    9   18   16    4   22    8    7   37    1    3   15   22   11   11    6 
   85  116    9   32   93   96   20   59   34   36   85  141   19    0   39   15    5   14   11    4    9    8   35    6    6   34   30   10    7   12 
   32   96   35   29  186   70   73   51   25   55   11   50   21   88    0    2   11   11   23   20   31    9   15    3    7   28   18   11    7   20 
   19  153   27   14   37  121   69   93   29   76   86   82   25  111   36    0    4    7   17   13    3    8   21   10   21   22   18    9   16   13 
   85  175   43   59   28   68   58   36   61  122   70  109   51   79   39   12    0   12    7    3   31   12   16    7    8   29   13   11    1   18 
  130  135   30   50  202  127   97   75    7   63   14  153   30   26   28    2   11    0    8   19   25    2   18    1   18   21   11    1    3   14 
  134  113   35    8   35  126   24   30   35   40   86  105   17   17   14   14   18   16    0   18    8   11   36    7   19   34   13    5   14   13 
  131   44   12   58  118  162   16   74   27  138   23   50   22   82   39   11    9   10    7    0   12   13   14   11   16   31   30    9   10   16 
  102  148   20   61   79   90   54   13   30   73   81  102   22  125   32    6    2    3   21   21    0    6    9   10    3   10   30    7   14    7 
   61   86   40   55  115  133   64  101   11  106   24  108   26   25   14    5    4    7   18    3    7    0   28    7   22   24   11    6    9   23 
   67  190   26   32  150   32   22   22   23  150   84   31   46  106   13   10    8    3    5   19   11   13    0    4    5   18   12    9   16   12 
   20  194   23   37  146  140   73   67   53  109   72   91   43  101   12    4   12   13   18   13    6   10   26    0    8   31   28    2   11   11 
  127   95   21   36   87   94   38   88   63  121   75  116   51   93   17   11    6    9   19   13   15    8    9   10    0   13   27    7   13    3 
   14  105   47    9   47  122   37   82   47  102   77  108   63   35   20    8   19    9   23   22    8    6   31    1   10    0   24    7    6    7 
   34  189   50   34  127  109   39  107   25   40   11  112   25   30    7    3    4    5   18   10    5    9    8    2   27   20    0    7   14   17 
   94  171    9   46   55   81   49   89   37  127   22   57   59  119    7   12    3   11   11   14   11   14    6    2   13   29   29    0    3   13 
   38   35   19   60   71   38   97   80   24  108   17   25   54   13   19    4   18    5   25    6   20    4   15    3   26   34   30    6    0   11 
   43   32   45   31  101  164  100   19   13  101   55  126   48   85   34    4    9    5   11    5   21   10   32    4   10   33   17    9   14    0 
    0   91   46   46  114   25   80  123  138   79   62  109   66  153    9   25    5   15   15    4    2    5    7   18   15   22    8    5   13   30 
   33    0   54   67  111   80   22   56  145  156   85  111   37   76    4    4   11    7   17   12    6   14   15   26   31   17    3    6   19    7 
  107   78    0   39   79  101   89   81   27  110   96  133   59   46   11   10    7   16   10    9    6    8    9    5   18   22   16    4   12   22 
   71  113   92    0  128   46  141  126   83   34   69   16   38   27    3   19    3    4   18    7    4   30    7   18   24   21   14    4   10    7 
  171   24   32   21    0   77   49   30  129   17   60   55   17  138   10   17   12   14   22    6    5   11    3   21    3    6    9    5   23   10 
  145   98   84   12   44    0  154   68  102   50   32   58   71  103    5   29    9    7   12    4    1   22   12   19   15    6    3    1   26    5 
   24  138   36   17   65   85    0  155  122   28   80   30   43   69   10   25    4    7    8   12    3   27   15    5    4    9   19    7   17   14 
  161   75   27   23   90   59   41    0   39  172   67   87   70  158   10   29   15   11    8    9    1   10    5    2   29    7   16    5   18   32 
  112   22   46   24   31   33   31  121    0   18   52   27   12  117   10    9    4    2   21    9    2   34   10   24   10    5   10    2   13   15 
   81   22   96   52   30   67  136  107   83    0   29  116   20   59    5   16    2   12    9   13    2   14    6   23   17   10    7    0   12   16 
   57   49   59   34   65   17  124   32   87  143    0   33   27   80   11   20   12    4    9   13    2   23   16   14    5   22    5    2   15    6 
  158   23   47   31   97   46  175  101   85   46   91    0   70  167    6   14   11    9   27    3    1    4    4   14   10   12    4    7   14   15 
   45  101   71   29   47   72   46   82   66  109   20   23    0  105    5    7   11    4    8   12    6   31    4   22   30    7   15    1   23   26 
  121   51  100   67  133   99   64   84   24  106   67   70   41    0   10   30   11   13   26    9    7   32    6   22   19    8   16    4   24   13 
   54   21   26   31   20   63   65   90   82   98   12   87   31   68    0   28   14   15   26    4    7   26    7    6   16   16   17    7    2   17 
   63   31   14   26   19   95   19  132   76   32   94   37   70   59    5    0    8   14   17   11    6   16   14   15   18   20    5    3   13    5 
   40   51   10   24  123   23  136  112  154  116   44   35   63  142    5    4    0    4   20   12    7   23   14   16   12   21   14    2   15   29 
  140  109   50   32   31   30   77  115   79  107   79   16   39   87    6   15    6    0   17    6    8   28   10    7   19   17   12    7   20    7 
   59   37   24    7   86   78   89   64  169   50   74  101   63  130    7   22    7    8    0    2    3   33   14   22    5    5   14    6   16   29 
  124   46   36   62  117   84   92   55   64   65   79   36   49   36    3   18    4   17    4    0    1   10   12   25   24    6   12    7   19    5 
   31   59   45   19   27   63   29  156   87   26   49   49   66  113    4    7    5    4    3   12    0   12    7   14    4    3    8    8   27   25 
   26   33   99   66   48   45   73   23  169  102   34  124   37   57    2   27    7   10   20    1    2    0    6   25   12    8   16    7   22    8 
  103   60   98   31   52   94  153   50   67   39   15   19   40   54    7    8    4   14    3    6    7    8    0   18   15   11    6    4   26    6 
  119  146  102   40  100   38   65  146  159   51   57   74   13   32    9   24    8   10    6    2    4    6    4    0   30   22    2    4    3   30 
  162  160   87   67   48   12   40  155   50   59   57  119   11  124    9    8   11    7   15    6    5   37    6    4    0   18   15    3   12   16 
   86   91   58   21   30  105  181   57   24   46   62  100   32  161    3   17    9   12    3    5    3   24    8    2   26    0   10    3    7    5 
   70   44   32   10  139   71   64   77  140  141  102  106   48   39    1    4   13   10   22    2    2    4    7   20   28   15    0    1    4   16 
   83  124  102   32  108   60  104  100   30  131   55   41   73  122    7   13   13   17   11    3    1   22    5   24   20   10    5    0    3   26 
  134  122   64   68  127   36   63   37  132   21   14  137   44  142    4   29   16    8    8    3    5   15   10   19   26   11   12    1    0    7 
  167   87   59   39   33   23  149   22  140   24   22   55   72   36   10   23    7   12   11    8    1   14   10    6   19   14   14    4   15    0 
    0   12    6    5   16    3   23   23    8   21    2    7   21   12   93  140   39  164   31   73  102   40   42   86  115   64  141   50   10   86 
    7    0    9    3    2    1   36   34   15   20   10   16   30   12   77   90   56  156   41   65   80    9   43   27  102   57  111   36    8  104 
   22   13    0    2    2    5   16    8   15   15   10   10   16   10   26   85   32   90   22   75   84   15   10  114   30   60   34   42   51   22 
   40   10    3    0    3    1   28    9   16    8    1   11   43   14  109  117   44  101   45   71   22   27   87  173   20  132   29   41   48   19 
   41    2    4    8    0    1   17    6   10   14    6   23   21   24  124   73   91   55   23   35   92   34   64  172  114   71   58   49    8   46 
   26    8   10    7    9    0   20   14   18   16    4   10   25   19  119   78   36  126   20   17   86   25   39   98  136  119  155   61   39   70 
   22    2    6    3    5    4    0   26   15   12    7   27   31    8   43  127   43   99   44   45   25   34   74  128  123   36   41   59   54   92 
   44   10    2    7   13    6    6    0    9   22    7   19    7   19   95   60   66  111   41   22   28   29   89  178   46   61  106   66   32   28 
   40    9    2    5    8   10    6    4    0   21    6   25   12   13   88   31   67  125   25   64   78   29   30   41   36   83   93   24   63   32 
   14   13    8    1    4   10   12   21    8    0   10   20   18   13   24   90   81   16   30   25   83   12   42  106  107   89  105    8   65   32 
   44   12    9    5    5    4    7   19   10    4    0   19   26   21   41  135   13  150   34   50  107   27   17  141  136   50  147   63   66   80 
   42    3    4    4    7    1   27   28   18    3    8    0   39   21   81   37   30  144   47   12   25   35   56   81  141   19  155   56   18   12 
    7   13    8    7    6   10   24    6    3    6    9   26    0   19  110   61   25   54   17   24   38   14   86   78   96   29   39   35    9   15 
   20    2    7    1    2    2    6   11    8   17    3   27   22    0  114   34   45   98   30   69   94   21   84  193  116  110   26   28   49   52 
   15    9   10    5   11    9   22   32   16   22    6   11   29    4    0  127   95  123    5   17   19   37   39  161  158  133   38   57   19   97 
   43   13    4    5    8    2    7   24   11   22    7    9    9   16   77    0   35  140   31   23   54   24   69   40   45   49   65   36   34   11 
    8   13    7    7   10   11   30   33   18   15    5   26   29    8   36   69    0   28   43   65   32   31   11  147   31   25  152   16   71   93 
   20    4   10    5   16    2   21   15   12   20    8    9   23    2  112  148   58    0   19   45   84   25   37  103   37  108  107    7   14   70 
    6   12    6    6    2    8   31    9   10    4    9   11   17   23   58   83   84   43    0   62   77   26   21  205   63   95   38   17   33   35 
    7    4    2    5   15    8    5   30    7    3    5    6   32    3   93   55   10   63   21    0   14   39   23   73  101   83  130   63   32   62 
   22    3    3    6   10   10   38   26   18   10   10   25   38   21   52   44   76  133   42   41    0   35   60   34   73   52   27   11   38  103 
   24    3    6    3    8    8   30   17   10    5   11   24   10   11  119   80   47  111   19   19   83    0   71   50  147   67  150   20   15   80 
    4   11   14    7   12    4   16   11   12    9    8   14   23    3   31   68   28  167   48   71   83   39    0  162   26   81  103   21   58   98 
   21    6    2    6   16    2   18   13   15   14    6   11   11    6  135   26   39   69   42   18   21    5   11    0  169  100  137   46   52   92 
   20   13   11    1   12    3   21   14   16   14    6   20   38    9   75  141   29  150   19   17   90   16   43   58    0   42   50   41   64   93 
   16    9    5    2    7    7   22   21    7   11   10   21   37   11   47   43   31  137   17   13   26   20   56   48  171    0  123    8   17  109 
   37    1   10    4   11   10   20   30    6    9    3    3    6   16  106   46   23  121   19   37   80   11   76   82   49  125    0   32   13   21 
   10    1   12    4    2    6   11   13   10   10    2   13   10   18   17  103   25  125   30   68   71    4   55   55  109   55  135    0    9   97 
   19   10   11    3   10    3    4   31    8    3    8    4   30   17   67   20   55  167   23   50   12   38   40   85   25   85   79   47    0  101 
   18   10   10    6   15    1   37   33   19   18    7    9   23   13   17   95   66   66   13   45   69   23   31   30  140  134   73   39   28    0 
  837  600  818  899  527  908  927  585  995  862  590  979  712  523  665  931  944  612  769  701  580  796  647  502  889  884  913  776  650  910 
 