   30 
   5 
    5 
    0   20    2   38   20   15    3    4   11   23   28  162  209   51  132   57   66   35   58   86    7    7   27   18   20   10   16   40   14   12 
   32    0   18    9    3    9    8   19    9   33    9  177   44  114  223   84  175   88   73   33   23   26    6   11    5   16   29   31   16   18 
   30   15    0   21    8   21    5   27   14   20   20   42  148  104   31   83   84   47   81   15    7   27   26    2    6   17   12   10   31   15 
    3    9   17    0   18   12    5   25    7   25   42  124   68  109  240   31   33   33   21   81   22   28   50   14   33   16   25   24    4    7 
   13   28   11    5    0   15    8   26   11   23   18   54   63   98  217   53   92   42  187   81   19   25   12   10   44   15   20   40    4   17 
    5   19    7   26   16    0    5   34   25   30   35   50  145  127  228   18  176   42   36   58   26   20   47    4   31   15   28    6   14   27 
    5    3   13   16   17   19    0   36    7   31   22   43  221  133  167  120  151   55  116   14   22    4   10   14   28    6   19   40   20   21 
   31   26   18    8   11   28    7    0   21   18   42   59   98   90  163   87  119   26   73   26   12   16   27    9   10   15   32   17   11    8 
   21   16   17   15   10   36    5   19    0    4   11  130  132   89   61   19  162   49   92   80   24   24   44   10   32   17   27   33   31   11 
   27   18   17    9    6   13   10   13   17    0   44   94  107   49   66   89   27   19   50   88   18   14   37    5   27   21   18   40   27   10 
   11   12    4   22   14   28   12    7   19   13    0   37  121  134  102   93   59   36   97   91   16    4   16   17   29    4   10    6   16    8 
   22   25    4    9   13   36   12    5   25   27   44    0   49  118  193   64  111   19  109   81   23    4   27    3   51   21   11    4    8    5 
   10   13    6   26    3   12   11   39   20   11   22   32    0  122   75   13  163   16   27   81    7   30   36   20   48    3   18    9   25   12 
   20   19   15   17   16    5    3   24   25   32   28   51  116    0  175   22   92   81   88   39    6    4    7   19   41    2   27   31   27   25 
   16    4    9   41   20   25   13   22   17   33   26  137  166   14    0  106  179   74   89   17    7   25   15   12   17   19   33   39   34   27 
    9   21   12   25   11   31    5    7    8   29   17  153   24  111   73    0   39   28  123   55   17   11   38   11   41   16    9   11   23    9 
   17   26    5   15   22   24   10   35   19    6   33   49  143   51  195  119    0   24   60   71   22   21   49    6   28    8   22   23   13   26 
   27   25    5   15    4   27    7   19   10   15   33  156  174  122  171  113   37    0   84   25   22   18   15    3   33    5   25   25   11   10 
    8   22   10   36    6   30    4   35    9   23   40  126  140   40  106  115  118   61    0   29   16   28   50    3   10    9   19   11   26   20 
   35   18    2   38   12   25    4   15   17   29   40  171  204  118  259   36   82   68  115    0    3   15   30    6   36    4   23   27   13   12 
    5   14   19    7    2   40    2   10    5   29    7   97  208  103   89  119   26   82  187   93    0   12   26   20   53    5    4   19   31   19 
    5   16   16    9    7   11    3    4   25    8   42  110  102   99  102   38  128   51   68   64   19    0   15   14    8   18   17   42   14    3 
   21   23   11   21   10    6   13   31   21   27   34  185   90   36  213   96  109   55   55   63    6   26    0   12   11   21   26    7   26   10 
   17    4    7   20    3   32    4   11    5   27   31  159  141  104   80   92   48   15   93   76   19   26    7    0    8    6   33   11   30   11 
   19    9   18   28   15    6   11   39   17   20   28   29  121  113  261  117  124   38   43   48   14   22   49    5    0   15   16   37   21   14 
   28    8   20   40   20    6    2   39   11   15   17  172   99   43   35   93   58   18   36   75   10    8   46    3   14    0   29    7   17    5 
   33    8    3   35   17    9    8   18    5   12   20  157   25   97   71   48   68   14   70   62   27    9   21   15   24    4    0   40   21   11 
   26   24    9   12   13   31   12   38   24   26   25   66  168   46   73   52  175   39   63   11    6   24    6    8   44    7   26    0   22   22 
    4    5   18   15    3   10    6    9   22   18   36   39  167  121  180   85  124   40   49   45    9   23   46   20   45   21   14   22    0   13 
   24   19    9   22    5   24    8   29   21   33   21   71  202   48  130   71   66   17  117   12   13   18    8   12    6   13    6   27   16    0 
    0    8    9   17   23   26   39   11   34   20   21    5    5   36   12    8   29    4   17   23  174  125  174   22   86   68   86   39  170   28 
    6    0    8   30    5   14   17   28    5   31   29   10   26   16   27    4   14    3   32   24  119   84   91   17   67   45   49   78   57   42 
    9   14    0   29   33   17   44    5   18    8    5   14   34   41   22    2   36   27   25    5   64  160   44   27  110   36   17   39   65   53 
   19   15   13    0   18   24   12    4   33   28   12    7   30   27   26    7   40   31   20   14  193  199   44   43   90   17   68   22   96    9 
    7   24    4   30    0    5   20    5   10    5   17    5   35   46   20    7   35    6   28   10  113  128   20   20  132   14   56  127   30    6 
   23    3   16   18    8    0    9   17   28   44    8   11   25   13   14    5   35    5   35   24   73  141  153   52  169   81   43   61   90   16 
   13    7   16   24    5   37    0   20    7   16    8   15   19   25   27    3   28   24   19   26  213  114  168   35  164   95   54  123   81   36 
   22   11   19   30    4   39   35    0   21   32   18    7   15   12   16    2   24   17   35    7   32  131   64   13  107   26   73   28   90   36 
   10   14    6   28   20   42   16   22    0   39   25   19   29   22   11    8   10   24    4   22  135  191  142   46   40   79   14   96  171   30 
   26   21   19   22   33   31   26   19    5    0   22   17   13   20   19    7   41    7   28   14  169   65  127    6  102  100   38  144   45   28 
   13   20    4    4   11   23    8   12   15   16    0   17   10   37    3    9   12    8   14   15   89   83   26   47  167   67   60   59  124   33 
   30   18   13   17   32   25   15   19   26   21   16    0   16    5   11    9   25    7   12   15  231   88   88   40  176   81   42   32  149   56 
   22   21   17   11   23   30   23   11   18    6   22   14    0   10   26    4   19   10   27    4  114  136   26   37   62   73   40  132   81   55 
   10    7   20   27    3   26   27   24   24   46   18   18   16    0    9    7   32   25   17    3  123   92   52   53   33   91   71  153  100   21 
   27   16   11   19    4   10   17   19   13   37    3   23   36   42    0    7   20   17   32   28  133   99  103   38   52   72   21  101  175   52 
   13    6   10    8   23   19   41   17   27    6   14   12   19   37   20    0   20   19    6   20  109   91  114   29   35   63   44  135  127   24 
   10    4   15   23   27   33   32   18   14   39   20   21   33   19   26    9    0   18    8   24  136  159   83   27   66  100   52   96  158   18 
   33   18   19   18   26   45   27    6   19   46   30   15   10   29   18    2   20    0   26   14   72  189  119   48  159   96  102   71   83   52 
   27   20    5   15   24   19   36   26   29   13   21    9   33   39   29    3   35   33    0    5  204  144  195   33  157   70   49   54   55   37 
   21   13   15    4   29   18   11   20   27   34   14    7   24   15   34    9   38   32   21    0  147  161   96   22   25   24   61   74   85   11 
   26   12    3   24   30   42   22   13   18   17   22   24   38   34   14   10   33   24   36   18    0   44  136   48   36   21   42   87  170   22 
   23    6    8   23    9   19   14   24   17    9   16   15   33   46   12    8   33    3   31    8   38    0   33   36   63   45   93   24   67   45 
   11   21   13    8   20   24   39    6   10   46   12   12   24   40   11    7   10   32   24   11   74  121    0   13   71   33   57  117   86   52 
   12    9   12   11   33   24   41   14    5   25    5    6   13   12   23    5   13    7   27   21  255  197   63    0  150   94   86  133  142   11 
   24   14   13   10   16   14   10   17   22   10   15   20    6   45   14    5    7   20   19   21  251   28   38   22    0   27   20  108   34   57 
   31   21   19   22    4   24   15   20   24   25   16   10    6   40   13    7   16    8   17    4   93  112   77   16  118    0   67  126  144   50 
   25    9    4   23    8   14   23    4   26   44   29   27   36   40    9    9   15   33   19   12   74   31   78   52  136   49    0   60   20   48 
   10   12    8   26   21   33   22   16   13   17   13   11   10   32   20    3   19   28   31   20  133  195   41   15   87   37   80    0   88   38 
   22   25   19   11   27   12   32   19   33   27   15    4   39    9    6    3   31   19   15   12  149  190  179   27   93   68   41  129    0   58 
   20   11   16   17   31   36   44    3    9   15   26   14   37    5   23    6   38   20   16    8  157  177   29   33   42   45   13  188   91    0 
    0   74   28   30   33   45   19   35   58   28    8   16    6   23   14   25    9   21   24    6   12   82   13  123   30   28   55   78   25   12 
  101    0   40   14   61  156   18   30   73   25   17   19    4   22   19    7    1   27   27    3   57   59   67   92   75  112   44   85   94   26 
  119   63    0   14   19  127   42    9   29   45   15    7    2   24   12   13    6   16   28   16   78  132   60   94   59   74   23  106   34   30 
   22  124   56    0   62  104   40    7   20   46   17   13    5    6   23   21   10    6    6   23   75   19    9  138  129  103    8   36   49   24 
  142   22   50   19    0  139   30    7   47   30    5   11    1   21    3   10    6   14   23    9   83  109   69  140   79   46   39  105   93   13 
  119   45   63   27   59    0   29    6   34   31    8    4    5    8   20    5   11   28    4   11   51   44   24   64  103   19   57   85   47   23 
  134   69   20   40   22   22    0   45   48   45   17   12    5   10   23   20    3   12   20    9    8   86   18   66   33   59   17  107   17   12 
   41   39   14   20   97   81   41    0   40   21   16   13    6   22   21   17   11   20   29   14   53   71   48   68   84   24   11   73   23   18 
   44  117   21   38   81   58   34   35    0   26   10   15    3    5   19   23    4    3   26    9   55  137   42   93   30   78   33  105   20   30 
   33  147   24    6   23   32   18   11   36    0    2   14    7   18   24   17   13   22   10    9   85   38   29  114   25   62   41   47   76    8 
   75  135   43   11   78   57    9    8   29   36    0    3    2    4   22   10    4    7    4   14   57  172   21   71   60   18   31   40   85   33 
   22   43   70   20   27   64   34   37   61   30    7    0    4    7    4    5    4   13   13    7   23  109   20   71  166   44   45   20   25   24 
   59   27   27   15   64   77   23   23   21   38    2   14    0    6    4   26    8    4   18    4   38   18   29   18   79   46   18   43   61   12 
   81  101   66   28   14   49   36   20   32   34    3   18    2    0   16   23    5   24    5    8   77  112   55   80  166   42   49   86   59   18 
  106   41   16   34   53  151    8   40   40   43    8   15    7   26    0    5    7   14   27   16   59   56   61   46  142  106   46   62   82   10 
   30  116   34    4  101   16   21   58   49   10   15   12    5   21    4    0   12    5   28   19   81   87   34   68   58   99    5   25   83    5 
   71  125   72   37  115   82   33   41   45   10    6    3    4   21   18   18    0    7    3   24   71   35   40  142   64   75   15   31   79   13 
   78   88   18   18  106   42   39   49   16   14   14    7    4   24   25    6    7    0    9   20   45   67   59   91   81   50   24  114   24    5 
   85  114   13   39   24  130   15   29   57   12    9   19    5    4   18   12    3    9    0   11   79   45   16  141  133   94   16   72   61   11 
   69   34    8   43   49  121   32    9   40   44    9    6    3    4    3    4    1    5    5    0   65   18   90   85   24   43   44   30   12   20 
  133   16   67   16   21  156   36   47   33   10   12   11    6   19   20   24   13   15   15   11    0  100   17  118   30   37   33   55   96   28 
   26   47   19    7   24   78   27   49   39    5    3   11    4    7   15   24    2    8   24    5   22    0   51  103  143  104   29   91   97    7 
   31   18   35   28   28  128   16   36   31   14    6    9    5   16    4   22   13   19   25    7   51  121    0   61   45   76   10   75   51    9 
  140   49   68   26   83   27   25   10   53   45   15    9    1   12   17    2    5   26   18   20   36   48   50    0  127   62   37   94   37   31 
  112   98   35   11   25  127   27   21   47   26   14    4    4   21    4   10    9   12   19    4   76  119   72   85    0  116    9   82   84   27 
   49  123   11    6   22  129   36   40   64   17    2    3    3   13   20   11   12   15   14   21   14   39   83   59  117    0    7   67   98   10 
   33  119    7   13   93   69   36   27   37   19   11   13    6   11   10    8    2   13    4   12    9  136   27  143  138  117    0   57   44   27 
   61  130   58   28   43   77   19   27   33    9    2   16    4   25   25   10   10    5    3   23   76   97   38   33  169  114   54    0   94   28 
   15   20   29   33   36  115   10   53   38    5   13    3    5    7   16   10    5   27   28    2   63  172   47  140   84   63   36   98    0    7 
  140   82   30   42   41   45   13   52   64   46   12   10    6   23   17   15    2   27    8   24   41   80   13   46  105   73   27   74   19    0 
    0   17   35   36    4    5   31   29    3   17  116   15  254   95   73   41   65   31   17   21   35   22    3   12   37    6   14   40   22   26 
   14    0   28   38   22   17   18    5   17    4   82   41  208  101  112   15  104   88  134   22   21   21   11   18   13   22   13   43   13   35 
    9    4    0    5   15   12    5   41    4   27  126   37  229  118  267   58  121   94   58   17   45   11   11   17   24   13   14   19   14    4 
    8   21   19    0    4   21   21   18    4   26   66   41  162   62  257   21   82   36  136   17   16   25   10    8   31    9   37    5   34   12 
    4    7    8   48    0   24   28   35   12   33   36   12   54   26  241   87   83  106  102   15   17   13    2    2   35   20   32   28   12   17 
    7   23   24   14   31    0   21   23    2    9   79   33  113   57  106   94  108   89   72   13   38   28    3    5   38    5   17   46   33    4 
   15    5   14   43   26    9    0   18   14   15   21   41   79   22  234   56  106  102   32   14   23   25    5   15   27   17    8   13   23   30 
   19    6   15   38   20   25   20    0    2   27   83    7  114  138  231   22   99   69  141   28   27   20   13    3   38   19   27   28    5   24 
    5    4   34   32   12   13   29   17    0   29   55   11  159   58  212   84  101   64   19    5   13   14   12   15   12   34   18   50    5   31 
   11   17   20   20   33   17   24   40    3    0  102   35  123   26   87   56  141   38  114   17    7   25    7   16   27   34   34   44    7   11 
    2   23   35   40   28   16    8   43   11   18    0   10   38  169  137   40   47   38   59    5   26    7   13   19   37   12   43   41    4    7 
   11   17   13   33    4   18    9   13    9   20   62    0  190  155  114  100   36   21   66   15    9   27   11    2    5   30   37   37   29   34 
   11    9    5   28    4   10   25   38    3   10   82   33    0  168   47   25   45   37   75   22   25   23    8    8   15   14   26   24   22   23 
   14    4   12   39   12   32   16    7   14   10   66   42  134    0   47   20  120   17   47   10   35   26    2    8   41   17   15   18   18   33 
    3   10   27   23   20    9    8   25    4   31  112   52  133   37    0   92  150   99   17    9   37   12    7    5   10   29   36    7    5   28 
    9   12   30   46   19   22   28   10    4   26  106   51  101   28   50    0   18   92  100    5   30   24   10    6   14   14   43   31    6   25 
   11    6   24   30   20   32    5   36   17   17  112   41   37   63  132   72    0   69   68   19   43   24    5    4   24    4   30   35   10    8 
   16    3   33   44    5   23   24   11   15    9   27   46  269   98   87   15  104    0   33   21   13   27    7    8   19   23    8   14   18   21 
    8    7   34   21   26   26   21   44    9   30  124   53   37   51   66  105  125  120    0   11   34    7    7    6   37   11   40   29   24   29 
    7    7   25    9   31   31   20    8    5   28   96   36   40   86  212   63  148  122  107    0    9   17    7   18    5    9   10   17    9   16 
    3    4   29   38    8   31   16   17    7   23  128   10  248   50  176   95   85   31  140   20    0    8    6   14   23   12   37   25   16   25 
   14   17   29   36   20   14   22   30    6   28   37   17  188  113  172   11  149  127   79   12   35    0   14   19   21   26   22   37   35   28 
   16   20   37    5   29    9   31   34   12   11   79   22  169  179  238   51   42  103   90   26   45    5    0   10   35   24   17    6   29   37 
   16   16    4   11    5   27   23   22    4    6   45   19   97   45  275   85   19  103  105   13   12   14    2    0   43   10   35   26   35   30 
    8   20   36   13    6   32   15   45    7    6   65   32  279   42  109   28   94  115  107    6   28   22   12    2    0   31   14    9   34   30 
   11   22   21   35   15   15    9   11   10   23   90   32   73  170   41   28   85   68  169   29   12    3    2   12   10    0    4   17   12   35 
    8    8   11   33   10   21   16   13    5    6   24   23   68  143   77   11  130   50   50   21   39   12    9   12   36   13    0   53   30   11 
   15   15   28   27   11    9   25   40    6   28   63   56  170  134  234   44  116   25  137   14   13   11    9    7   21   29   39    0   20    5 
   16   13   26   45   28   30   27   27    3   19   63   57  268   40  153   58   75   31   62   20   14   17    7    8   44   16    4   24    0    4 
   16   23   19   45    6   26   27   31   16   20  114   66  164  130  133   73   38   63  112   15   36    9   11    9   43   11   31   26   16    0 
    0    2   23   19    7   45   17   28   35   23    9   32   18   11    3    7   12   16   18   26   29   40  244  187  141   66   47   58   86  123 
   20    0   12   11   15   23   18   18   17   16    3    6   26   11    5   21    4   17    4   28   12  171  108   88   60   42   78   55   35  207 
   24   10    0    6    7    5   10    6   33   25    4   29   11   22   14    5    4   21   11   18   41  149  166   95   73  134   53   41  194  163 
    7   11   16    0   17   13   17   17   21   21    5   22    9   16   16   21    8   12   18    8   31   74   27  156   27   87   13   32  145  169 
   35    5   17    8    0   32   17   27   33   12    7   45   17    4    9   18   10   30   15   16   28  180   87   78   78  158   43   69  187  157 
   16   15   19   15    4    0    5   28   10   10   14   32   12   19    4   10    4   33    8   28    7  190   70   70   36   62   80   10   58  207 
    4   14   11    7    8   27    0    7    5   13   19   14   27   12   12   18   11   23   13    6   45  168   30  144   61   55   79   45  131  148 
    9    9    8    9   10   41   18    0   10   20    3   21   29   11   10    7    5   13    8   14    7   20  212  132  132  122   40   31  141  205 
   35    7    3   16    8   30   11   11    0    8   18   15    6    4   17   15    8    7    4   16   27  183  197   22  102  128    9   37   55   74 
    5   12    7    4   13   25    9    5   20    0   20   30   16    6    4    5    8   28    2   22   13  107  204  201   79   97   26   69   49   26 
   24   16    6   25    6   27    5    6    9   18    0   40   17   14    8   22   12   12   19    5   39  159  189   71  128  191   22   75  108   62 
    9   11   21   12   11   17    9   13   29   21   16    0   28   25   16   24    2   16   18   20    6  169  222   97   62  108   18   23   45  140 
    8   11   17   18   17   16   10   11   14   20   18   50    0   20   12   18   12   13   11   32    5  135   49   39   29  125   52   72  193  208 
   35    8   12    4   10   26   18    8   37   21   20   27   10    0   10    4   12   19   15   18    7  126   25   66   56  112   18   19  124   53 
   33    3   14    4   14   24   18   14   42   20    2   40   26    9    0    6    5    5   14   14   39  110  114   92   99  163   74   50   41  225 
   12    7   15    3    3   34   12   29   42    5    2   46    4   14   12    0    3    7   16   17    8   93   71   88   32  155   41   37  194  129 
   15    2    5   10   14   15   13    5   33   18   16   12    9   22   11   22    0    5   19   11   24   68  137  176   22   57   25   66  114  140 
   27    2   21   10    4   31    8    6   35   22   19    7   20   27   13    9   10    0   16   18   10  136  111   29  104  136   38   30   26  113 
   15   13   17   17    9   28    5    8   13   22   10   26    6    4   12    2   11   21    0   11   28   31   67   95  100   40   40   45   72  191 
   14    6   11   14   17   34   22   24   23    8   18   10   27   10    3   14    9   19    4    0    7  173   65   95  113   96   29   17  137   80 
   12    5   15    8   15   28   14   24   34   14   16   34    8   20    4   10    6    8    3    5    0  103  200   25   34   83   19   73  192   42 
   19   13   16   21   10   39   12    5   18   15    2   16    8    8    7    4   10   30   10   24   46    0  174  204  130  111   20   58  168  163 
    6    3   18   24   16   19    9   15   23   17   15   24   17   18    2   14    1    7    8   24   25  189    0   93  135  126   52   71   40  214 
   34    6   13    6   11   42   19    4   30    3   15   16   29   11    5    9   11   17    2   11   46   24  233    0   91   91   65   75  106   51 
   23    6   13   16    7   33    2   22   33   10    9   20   13   20    3   21   12   13   20   31   29  146   26  187    0  194   76   52   71   62 
   22    3   22   16   15   30   14    5   41    5   14   26   24    8    9   12    7   27   11   29   31   86   42   62   44    0   63   13  188   25 
   25    2   17   26    9   35   19   25   29    4   17   20   20   18    5   18    7   19   14   18   15  178   32  112   43  158    0   39  163   61 
   35    9    6   18    7   42   17   24   22   12    5   44   18   10   16    3   11   13    4    3   31   78  147   61   78  138   21    0  131  190 
   10    4   21   11   14   11   22   19   23   14    7    8   22   27    3   23    8    5   15   20   46   59   46   72   92   88   78   58    0  186 
   25   15   19   18    7   30    3    6   10    9   12   13   15   16    8   21    3   12    7   22   43  186  161   86   39  102   77   28   50    0 
  659  510  916  778  920  730  578  572  677  807  851  650  824  932  711  510  926  655  556  773  502  987  529  980  955  873  740  878  507  981 
