   30 
5 
5 
    0   46   49   81   56  121   59   87   26   64   21   67  115   51   13    9    4    4   19    3   11   16    6    1   17   15   16   22   28   19 
    4    0   95   88   41  128   40   84  154   76   72   62   33   59    7   14    2   13   22    5    7    2    6    5   22    4   21    9    4   28 
   20   66    0   16  110   60  101   35  177   96   21   21   50   94    2    6    2    9    4   30   28   11    1    3   18   12    5    4   29   31 
   14   40   14    0   18   13  119   64  176   89   32  124   63   87    4   10    6    9   22   26   15   16    5    8   15   32   32   29   14    8 
   15   57   16   88    0   80   22   43  145   73   19   25   30   32    9    6    8   25    9    9   21   22    3    4    7   11   28    6   15    3 
    6   23  111   80   29    0   51   72   76   16   55   27  123   97   16   12    3   19    6   20   25   16    4    1   21   33   15   24    6   18 
   39  161   78  119   59   74    0   89   30   93   64  113   16   19   17   14    8   21   26   25   11   21    7    2   18   11   24   25   13   15 
   36   49   33   59   32  125   34    0   42   94   83  103   30   85    6   11    9   23   16    9   24   17    2   10   15   20    9   24   16   28 
   13  147   15   35   77  123   45   65    0   56  100   63   39   96    9    8    7   17   19    8   33   15    6    2    5   16   12   19   24   17 
   38   97  101   18   96  126   72   54  132    0   68   26  124   84   13   14    2   32   15   22   26   10    4    7    5    7   25   15   19    9 
   38   38   68   67  146   54  103   21  154   21    0  129   78   33   11   13    8   15    7   32   30    9    6    8   17    8   17   12   18   10 
   23  154   65   47   21   97   54   73   88   86   62    0   96   49    3    4    3   11    3   18   14    7    3    6    3   27    8   15   27   10 
    5   32   86  109   73   94   90   61   70   22   33   38    0   55    2   14    2    7    3   26   16    5    5    5    2   37   20   16   25   14 
   25  164   66   90  124   96   31   93   49   24   35  148   55    0    8   10    8   12   17   30    6   16    1    5   18   10   32   24   18   27 
   39   44   95   69   88   70  113   50   95   82   46   90   51   51    0    4    5   31   26    8    5   21    1   10   22    5   31   31   27   22 
    5  154   29   71   20   22   20   22   24   11   25   44  119  111   18    0    2   30   26   10    3   10    8    2   22   16   34   16    9   32 
   16   59   39   37   90  123   57   47   51   56   72  110   51  100    7   14    0   26    6   26   26   18    1    4   13   37    9   12    6   33 
   37   97   64   99  143   61  122   30   75   62   46   70  121   20   12    7    4    0   14   32    8    3    3    7   15   31   14    9   10   31 
   30  111   58   35   38   35   71   43  151   79   91   57   25  103   12   13    7   22    0    5   31   16    9    4   13    9    7   23    7   15 
   41   91   71  111  154   81   67   45   49   42   58   99   26   95    9   11    3   29   20    0    5   18    8    6    5    8   21   25   21   17 
   28  121   56   71   87  108   57   39  164   53   26  177  101   49   10    7    7   12   24   29    0    3    2    5   17   14   14    7   28    6 
   18   93   37  101  126   79  138  100   68   12   68  164   22   88    9    7    2   29   10    7   15    0    8    6   16   26   28    4    9    5 
   37  113  113   60  151   52  118   55  167   50   37  162  120  124    5    1    6   25   21   16    8   13    0    5    4   14   34   24   24    8 
   19   74   68  101   93   72   68   55   92   70   76  143   18  127   16   13    2   19   22   21   21    2    1    0   23   21    8   29   23   29 
    6   42   46   63   90  122   17   16   79   93   50   71  113  108   17    9    6   13    6   17   26   11    6    6    0    5    8   16    9   13 
   28   78   91   82   48  109   71   64  100   57   99  169   23   36    5   10    6   24   11   25   17    9    3    8   16    0   31   23    9    7 
   19  167  100   66  103  113  133   98  152   48   35   79   67   83    9   10    4   18   11   26   11   17    8    6   11   37    0   19    4   19 
   18  149   45   79   76   36   24   73   43   31   54  145   61   84   12    4    8   17    5    9   28   13    7    6   16   16   25    0   28    8 
    9   21   27   76   34   59   28   75   31   53   47   79   51  108   17   11    6    5   24   23   18   10    4   11    9   21   13   14    0   34 
   17   98  118  108   80   29   25   10  166   10   43   65   71   46    9    9    5    7   24    5   15    5    6    2   24   24   11   29    8    0 
    0   77    4   62   66   40  144  100   48   30   65   38   78  104   15    7   16    1   32   28   39   27    8   14   11   12   12   26    4    4 
   42    0   32  194   49   37  146   57   39   19   55   29  126  180    9    2   10   10    8    5   19   11    6   15    8    8    4    3   14    7 
   21   54    0   29   72   56   72   95   24   39   99  153  117  112   19    7    4    8   31   20   29   38    7    1   29   10   22    9   10   11 
   58   82   40    0    9   94   43  104   27   19   49  138   37  118   16    6   15   13   27   21   16   38   33    6   12    2   17   26    9   18 
   73   23   33  230    0   53   91  114   33   32   68   70   38   70    8    3    4   10   32   17    7    6   40   16   26    3   29   22    8   12 
  114   19   21   78   67    0  156  117   29   25  119  126   45  108   14    4   19    6   31   28   33   40   37    7   21    4   15    9   12   12 
   30   12   15  119   18   70    0   71   18   45  116   63  125   32   17    7   10   10   15   10   13   27   29    1    9    7    6   14    9   38 
   41   11   21   29   24   67   33    0   12   48   80   75  157   69   12    5    7    9    8   36   11   35   23   15   24    8   15   10   11    9 
  103   84   29   90   66  106   92   62    0   23   92  119   99   49    9    8   12    2   10    4   32   36    4    5    8    6    6   18   10    9 
   46   99   37   65   32  121   32   12   24    0   70  100  104  145    2    8    6    1    4   26    4    5   33    8    4   14   21    3   14   30 
   63   24   18  149   23  128  146   65   27   20    0   63   24  115    8   10   10   11   16   22    9   11   19   10   29   15    9   23    8   11 
   50   90   20   42   47   40   24   25   36   27  123    0   45  105    9    3   10   12   28   16   19   19   40   16    4   12   20   26    8   17 
  124   93   35  107   37  112   41   74   38   28  138  214    0   39   20    8   18   10   14   32   24    4   30   15   20    2   17   29   16   24 
   31   11   30   90   67   22   20   62   12   35   94  120  132    0   12    2   16    8    9   28   16   24   23    3   10   11   21   21   13   27 
   67   49   20  193   23   44   86   38   44   16   46   39  103  122    0    8   21    4   32   33   22   33   38   13   20   10   18   14   14   33 
   76   63   18   33   66   82  110   69   12   17   48  130   73   26   17    0   25    6   20   17    9   17   18   11   29    9   28   17    4   11 
   18   37    5   62   54  104   18   90    6   46   85   93  161   92   18   13    0    5    7   32   34   17   29   10   28    9   27    6   11   30 
   47   66   38   55   59   90  142   52   20   44   97  155   53  130   15    9   15    0   36   15   22   32   38    2   21   12   19    7   13   27 
  124   95    6  226   48   13  140  109   13   23   64   24  136   87    4    3   25    8    0   16    6   31   22   12    5   14   17   11   14   23 
   54   57   37  187   58   85   39   69    7   27   57   62  126   75   17   10   23   10   33    0   32   34   22   10    3   17   18   27    2   25 
   90   82   26  183   22   65   77  117    6   50   24   88  139  109   15   11   10    5   32   21    0   31    8    1   14   11   13   24   13   16 
   80   16   25  123   61   83   75   51   52   19   32  117  115   53    5   11    8    6    5    9   32    0   34   10   28   15   17    6    3   24 
   70   12   33   83   48   44  115  104   17   47   52   56   36  168    6    4   22    8   14   13   33   18    0   10   12    3   25    7   12   22 
  106   74   34   81   39  121   77   33   11   38   83   51  137  183    4   12   18    9   17   34   10   13    7    0   23   14   30   25    5   11 
  112   87   11   87   37   90   35   68    9   23  108   26  124   26   12   10    8    4   27   32    4    8   18   10    0   16   13    6   16   12 
  100   22   41  195   49   54   86   94   18   26  101   84  121  124   14    2   14    3    7   16   26   15   37   16    8    0    7   23    6    8 
   41   52   33   79   29  128  152   56   52   29   18   24  114  137    6   12   14   12   24   28   14    6   18   15   23   16    0   18    1   21 
  110   32   24  175   72   63   85   76   45   29   18  144  159   44   19    3   10   14   22   34    4   32    8    4    9    8   19    0    4    5 
  104   17   10   98    9   63   52   39   12    5  129  197  103   80    6    9    7    6   12   12   22    4    8    5   29   14    6   28    0   14 
   71   56   14   57   11   61  135   59   15   44   42   84   45  157   11    8   23    5   16    6   16   30   12   14   21    7    4   11    8    0 
    0   26    2    8    2   11   13    9    3   28   20   19    5   25   33   67   20   31   16  103  139  113   98   87   20   34   69   50   64   76 
   18    0    4   13    8   13   11    6    6    5    8   15    1   11  110   61   39   49   14   30   42   59  131   23   47   26   12   55   23   48 
   10   14    0   16    2   14   12    4   11   33    5   33    7    5   51   94   45   15   60   15   84  113  116   85   53   72   28   78    9   40 
   19   21    8    0    1   11   14    8   12    7    6   23    2   23   65   34   16   57   47   83  148   46   17   75   27   33   19   60   46   38 
   23   28   15    2    0    7   14    1    6    4   21   14    3   22   83  107   61    8   58  109  138  118   21   31   51   42   46   35   63   24 
   10    5    8   14    7    0   26    2    8    5   15   15    6   12   37  116   34   19   11  104  105   43  101   33   23  118   77   84   40   23 
   24    9   19    7    7    5    0    4   10   19    4    5    5    4   21   87   33    8   38   93   59  105   28  129   22   58   73   50   19   51 
    8   25    7    7    4   10   20    0    6   26   22   30    7    4   54   38   29   53   49  108  161   80   86   33   17   56   50   32   21   29 
    8    6    4    9    4   20    9    6    0   12   22   33    1   32   58   81   40   22   53   93  121  168   57   20   30   86   84   36   19   11 
    8   34   19   15    2   13   17    3    7    0   10   25    4   10  119   72   40   51   25   45  135  109   27  121   39  145  115  106   47   75 
   23   25    9    5    3   13   24    2    5   18    0    3   12    4  130   64   23   49   27  114  159  114  106  127   46   98   33   71   61   29 
    4    6   18    5    8    6    8    5   10    9   11    0    4   21   28   21   25   52   26   88  130   91   60   83   33  135  103   47   79   18 
   26   32   19   12    7   16    4    1    2    5   20    5    0   11   40   95   27   27   26   46  127  126  136   29   49  135   68  111   25   50 
   23    4    2    8    8   18   19    3    7    8   13   30    7    0  135   74   14   38   55   36   24  124   22   58   45  145   33   88   45   29 
   20   28   11   10    6   15   17    4    5    3    7   14   12   31    0   18   67    6   36   67   54  120   96  106    7   14   71   51   10   21 
    9   31   19   14    1   17   13    2    2   29   13   22   10   30   52    0   37   43   51   86  155  120   40   73    7  110   93   37   49   38 
   22   33    4    7    8   18    9    6   10   18    9    6   12   30   94   33    0   31    6   73   67   77   86   98   25   37   56   42   63   19 
   17   10    5   13   10   11   20    8    9   27    9   13    4   16   70  124   52    0   19  123   20   52   27  122   29   38   58   57   79   77 
   11   18    5    9    2   18   19    7    9   23   19   13    5    9   20   36   61   51    0   68   87  118  126   55   32  136   86  128   48   29 
   15    3   11   12    7   21   24    4    6   10    7   28    7    9   74   55   54   34   41    0   70   77  118  109   47  119  112   92   59   37 
   22    5   16   13    5    5   14    3    2   34   17   22    9   23  135  137   31   35   60   47    0  148  127   84   22   85   41   17   26   46 
    3   18    2    2    4    8    6    5    2   31   11    4    5   14   32   62   67   30   46   25   64    0  114   80   15   92   21  118   17   47 
   14   25   16   12    4    7   20    4   10   23   19   13    2   20   40  143   54   33   48  103  148  108    0   88   16  114   29   74   32   73 
    2   12   18    4    6    7    6    1    2   33    4   24    3   21   30   80   36   23   27   50   91   50   45    0   34   89   68   66   63   39 
   15    8   13   17   11    4   11    6    5   30   13   22    3   30   68   28   67   56   31   31  141  128   36   45    0  122   84  113   66   58 
   21   22   17    2    8   14   25    4    8   16    8   12   11   10   40   44    9   24   29   96   85  155   90   44   17    0  111   88   43    7 
   19   34   18    4    5   14   10    3   11    8   12   22    6   30   95   80   43   18   46   72   95   86  103   99   35  141    0   81   35   38 
    7   12    5   13   10   19    6    2    3    4   19   27   10   20   88   43   54   34   35   31  152   65  106   33   12  103  118    0   15   68 
   15   16   14   13    8   21   17    4    5   28   19   28   10   31  138   82   10   49   18   14  108  127  140   73   23  145   43  124    0   74 
   11   20   14    9   11    7   18    2   11   20    6   27   11   17  110  134   60   23   37  124   84   17   52   68   50  130   72   82   74    0 
    0   15   18   20   19   27   20   11   10   17   16    6    3   25   27   47   70  174   49  166   64   24   56  104   90   36   14   56   38   23 
    7    0   13   21    3   10   19    3    4   35   16   25    5   24   75   69   20   52   21  179   27   59   59  116   17   62   65   59   29   32 
    4   11    0   25    5   13   14   15   15   22    6    4    2   26   39   71   87   73   70   23   80   16   29   73   52   22   64  145   45   66 
    3   18    4    0   16   22   12   17    9   33    3   27    2   14   55   26  114  164   96  157   40   25   66  131  113   31   36  118   74   57 
    1    3    7   10    0    7   16    6   20   13   10    4    7   22   72   39   35   24   70  101    9   55   37   77   67   49   69   98   25   19 
    7    6   16   10    3    0    5    4   19   16    3   13    5   11    9   80   66   57  116  120   67   28   53   54  121   80   43  139   61   55 
    6    9    4   24   20    7    0    2    3   29   21   23    9   24   14   73   12  173   52   30   90   40   70  139  132   13   60  152   38   25 
    7   10   12    3   11   20    6    0    5   31   21   18    1   31   17   20  100   36   39   64   40   52   56   46  133   46   16  101   71   32 
    2    5   11   15    8   20   17    6    0   23    4   24    8   13   75   26   46  136   21  130   10   48   27   79   86   47   48   88   52   44 
    5    3   11    3   23   13   11    9    3    0    8   12    9   26   14   63  116  169  125   40   85    8   31   86   45   79   29   54   29   10 
    7   13   11    9   16   21   13    5    7    9    0   24    9    7   17   78   18   61  119   55   42   12   65  131   39   46   41   78   28   51 
    5    9   13    4    6   10    2    8   20   22   15    0    3   17   57   59   84   27  125   96   14   47   31   38   85   66   64  164   27   53 
    8   12   12    5    5    8   21   14    3   17   15   22    0   21   34   74   90  117   67   61   54   32   57   45   77   35   37   68   62   43 
    1   11   15    9   18   12   17   12   20   33   18   16    2    0   22   18   14  101  135  115   32   45   22   87   40   55   40  163   14   19 
    4   14    2   22    5   13   19   16   19    6   15   20   10   28    0   34   53  154   85   30   37   42   74  118   87   41   59  105   52   63 
    4    4   17   18   17   12   15   14   21   10   20   13    6   23   38    0   35   87   81   43   19   55   67   44   67   76   50  158   44   30 
    7   17   11   19   18   20   16    6   18   29   21   14    7    6   14   12    0   94   85  214   78   55   11  155   29   82   19  138   62   21 
    1    6    5   16   11   28    2    6   17    4    3    9    7   37   41   51   99    0   24  196   38   43   61  185  135   69   56  123   44   62 
    8    8   12   23    3   21   18   10    4   27   11   12    2   15   15   20   34   98    0   39   86   34   15  129  124   46   68   66   71   57 
    7   11   14    4    6   24   21    1    4   23   12    5    4    7   26   28   49   45   38    0   67   35   34   71   29   45   21  136   45   30 
    1   11   11   20   13    6    7    4    6   21   10   10    7   28   65   62  109  150  112   82    0   61   25   64  128   12   52   27   10   13 
    2   10    5   24   10   20   19   15    6   13   18    9    8   19   81   39   17   48   37  228   31    0   56   81   56   68   25   91   42    8 
    1   16    9    6   21   21   17   12   14   13   16    7    6   15   70   51   37   62  134  153   85   11    0   43   71   19   23  103   27   42 
    1   15   15   17    5   15   19   15    5    6    6   21    2   34   40   52  100   99  105   77   30   29   11    0  114   74   32   85   64   33 
    5   15    7    6    3   19    8   18    7   27    2   13    4   31   41   70   66   31   70  106   36   38   76  134    0   29    8   60   28   55 
    4   10    7   13   16   12   17   13   13   11   14   26    8   14   44   13   33   89   80  204   78   37   78   92  120    0   14   27   17   68 
    2   14   18    3   14   10    7   11   13   28    5   20    4    6   68   37   35  177   24  144   57   52   73   61  144   72    0   28   54   61 
    4    2   18   12   17   23   18   15   17   32   16    6    8   12   82   72   50  169  134   87    9   56   48  133   59   58   61    0   69   28 
    4   14   14   13    6   13   15    5   16   22   14   13    9   24   11   36   90  172   79   52   42   36   28   80   18   49   35  193    0   69 
    7   14   10   18   11   15    5   10   17   13    8    3    9    6   35   11   58  131   53   87   44   20   58  120   51   43   47  145   59    0 
    0   23    5   11   13    4    5    6   15    4   22    5    3   12   42  135   48  102   24    9   97  117   96   72   91    9  110   99   80   27 
    4    0   21   18   10    1   13    3    6    7   20    2   12    4   79   57   94   73   35   24   36   80   75  124  100   22  109   99   30    7 
   24   12    0   13    9    7   20   20   23    5   26    8    5    5   37   96  110   54   58   23   16   95   56  133   71   36   63   95   34   45 
   22    5   10    0    6    1   18    7   17   13    5    6   12   10   41  117  115   96   94    7   16   56   74   85   88   17  108   73   93   10 
   12   19   22   17    0    3   10   13   21    4   32   10   12    2   93  150  128   98  107   14   75   94   75   82   47   42   89   87   75   47 
   26    4   13   13    7    0    8   17   33   12   11    2   15   10   39   95   95   46  150   23  130   62  165   59   59   34   87   37   22   47 
   25   10   18   14   10    6    0   27   19   12   25    3   10   15  154   97   14   12   84   31  144  116  124  122   52    8   57   14   35    5 
   25   13   19    2    5    4   24    0   16   13    7   11   11    3  100   25   47   80   43   20   52  121  149   63   90   13   15   52   13   16 
   25   14   22   17    2    3   15    6    0   14   10    2    5    1   28   33  132   83  110   21   20   42   99  154   70   19   19   62   93   30 
   15   11    6    8    4    6    7    7   15    0    5    4    6    7  113   70  110   39   81    6   28   61   43   81   77   26   43   60   97   46 
   17    7   16   12   11    6   17   30   10    7    0   10   15    8  141  110   79   87  132   25   64  114   89   46   66    5   27   16   90   20 
    4   12   17   11   13    0   22   11    5    1   20    0    5   12   55  102  121   96   62   12   54   87  108   75   94    5  115   27   69   45 
   12   10   19    6    8    6    2   29   18    4   32    2    0    9  117   79  112   74  142   20   77   46  158   45  110   14   63   77   28   43 
   10   22   20   15    5    4    2   31    5    2   20    3    9    0   29   96   27   41   34   21   66   57  125   35   74   14   85  100   24   26 
    3   12   14    4    6    5   18    6   19    7   13    8   12   11    0   97   18   81  126   19   95   17  106   43   62   31   17   46   63   18 
   23   22   12    8   13    3   15   11    3   11   23   10    1   16   24    0   18   23   16   24   52   18   82   26  109   37   27   39  102   41 
   21   16   22   13   10    1    4   15   11    5    5    3   15   15  121   95    0   37   18   23   57   40   20  130  110   22   91  104   19   16 
   14    4   11   10    7    6   17   16   17    3    5    5    4    7  137   35  106    0  147   18   30   28   54   56   34   33   68   32   71   39 
   25   13    3   12   11    5   16   23   26    1   32    5   15   13   31   17   31   87    0    9   64   78   86  148   16   31  107   21   97   38 
   10   13   11    6   11    2    2    9   26    8    7    8    7    4   75   48   22   69  148    0  150   44   27  133   71   13  102   80   44   47 
    5    6   13   13    6    4   16    5   16    5   25    4    7   12   99  137  104   37   41   11    0   66   34   23  113    5   46   92   76   30 
   26    2   17   17    9    5   22   24   21    5   22   11    5   10   21  149   57   58  129    5   60    0   33   60   82   16   96   36   55   39 
   22   16    6    6    6    2   19   31   26   13   11   11    8   13   57   91   29   91   23   28   41   32    0  108   61   35   72   16   80   30 
   21   19   12    7    3    1   24   29    4   11   25    1   15    8  132  122  102   10  146   23  111   79  135    0   97    6   28   89   73   10 
   26    4   23    9    5    6    8   22   33    7    7    7   14   10  139   88  119   89   37   26   48   83   41   71    0   30  105   81   86    6 
   11   12   15    6    3    3    9    7   17    4   22    6   10    9  126   75   24   45   77   29   47   33   59  132   25    0   96   48   56   30 
   24    6    8    3    7    3   20   13   19   10   13    5    2   15   36   57   28   38   21    8  145   70   33   97   70   29    0   22  100   29 
    7   21   18    3    2    1   19   11   35   10    5    4   14    3   80   71  131   41  142   13   61   32  126   61   89   42   83    0   93   10 
   24    8   19   13    8    7   13   23   13    8    8    5   13   10   62   89   68   14   83   11   86  128   96   46  109   27   90   39    0   44 
   23    5    3    6   13    0   17   22   13    9   24   10   14    6  118  141   51   10   98   17  126   86  152  116   48   20   25   28   51    0 
  806  618  985  658  940  619  576  602  565  964  826  574  611  580  881  504  864  932  850  876  839  522  749  936  926  632  631  560  807  660 
 