6 
5 
5 
      0     86    233    270   2395    150 
    102      0    213    166    397    137 
    292    450      0    163   2032    181 
    217    232    178      0   2593    305 
     76    458    102    226      0    337 
    179    349    233    150   1078      0 
      0    219    225    204   1775    688 
    176      0    335    395   1198    588 
    675    230      0    236   1400     88 
     95    216    297      0   1414    269 
    832    196    184    130      0    691 
    285    171    294    264    212      0 
      0   1867    153    193    377    603 
    228      0    134    190    214    430 
     60   1341      0    245    302    271 
     76   2283     47      0    132    607 
    209    636    248    247      0    302 
    124   1963    363     30    110      0 
      0   1523    201    112    137    131 
    102      0    398     50     76    130 
    162    837      0     54    220    225 
    176   1402    272      0    298    540 
     92   2090    779    192      0    514 
    125   2269    303    301    272      0 
      0    210   1583    671    551    177 
    724      0    763    465    391    150 
    613    182      0    165    306     81 
     99    248   1645      0    405     91 
    470    289    425    579      0     87 
    117    140   1560    550    244      0 
    517    937    779    838    875    889 

