6 
5 
5 
      0    616    166     47    342    524 
    289      0     48    105     81     94 
    107   2246      0     91    442    200 
    304   3680     26      0     94    371 
    205   1723    105    103      0    421 
    381    930     82     30    128      0 
      0   1803    197    523    260    416 
    272      0    646    519    380    268 
    233    394      0    516    642    130 
    520    577    815      0    772    316 
    202    641    246    204      0    327 
    477    704    474    321    185      0 
      0    445    279    103    377   2484 
     94      0    350    363    177   2038 
    276    131      0     88    605   1916 
    246    556    402      0    186    369 
    191    272     82    289      0    677 
    382    154     71    218    163      0 
      0    241    160    181    311    682 
    330      0    120    154    294   2012 
    459    232      0    159    155   1214 
    285    288    189      0    451   2740 
    268    547    162     29      0   1354 
    180    117     66    172    432      0 
      0     65    420   1722    144    239 
    158      0    458   1938    154    352 
    326    209      0    775    372    368 
    175    100    474      0    525    235 
    435    294    132   1782      0     70 
    332    434    295    740    261      0 
    598    531    826    630    848    653 
