 6 
 5 
 5 
      0    167    505    472    302   1368 
    323      0    594    577    401    914 
    219    256      0    556    420    282 
    258    133    359      0    399   2281 
    283    125    152    102      0    726 
    291    240    753    131    392      0 
      0    613    160    448    411   1649 
    479      0    175    238    523    275 
     96    339      0    436    292    613 
    142    178    184      0    244   2044 
    503    411    186    220      0   1401 
    646    195     68    474    337      0 
      0    554    185     28    210    177 
    165      0    798    104    141    832 
    120   2101      0    109    171    278 
    124   1996    597      0    329    321 
     57   1564    310    114      0    455 
     44   1405    301    170    223      0 
      0   2291    438    170    217    231 
    431      0    283    202    201     26 
    165    983      0    217    381    192 
    118   3027    236      0    427    185 
    162   1077    169    208      0    243 
    374    946     59     59    267      0 
      0    478   1408    383    181     96 
     44      0   3233    261    242    155 
    216    544      0    339    232    444 
    171    347    786      0     32    448 
    192    328    539    232      0    220 
     68    354   1578    243    188      0 
    673    882    595    509    521    957 
