   30
5
5
    0    6   20    2   19    7   34   43    3   48   34   48   45   62  165   40  110   45  143  217   20   23   22   23   10   34    4   17    3   11
   12    0   25   10   12    4   38   25   11   22   16  126   45   74  223   22  110  109   52  162   12    6    6    3    9   16   28   16    9   23
    8    1    0   11   15    8   42   19   12   36   50   54   16   58   80   51   53  206  162  175   10   14   30   12    9   39   11   26    6   16
    9   10   11    0   10    5   47   34    9   20   20  142   43   95   53   32   64  161  181  206   19   15   50   28    3   36   24   13   11    3
   10    3    6   11    0    5   40   24    9   15   46   44   21   90  219   14   91   71   29  211   39   17   11    9   11   27   28    6    9    6
   11    6   16   17    2    0   21   34   23   45   16  142   18   34  112   56   59   79   20   34   25   11    9    5   11   42   10   19    4   24
    8    7   19   14   15    6    0   48    6   37   12   28   26   49   72   29   54  215  162  117   39   12   24    6    2    9   13   11   11    6
    7    6    3    9   18   14   11    0    3   32   14   15   45   81  195   47   63  175  157  165   21    9    8   21    6    8    8   24    9    9
   13    1    7   11   19   10   28   10    0   12   11   96   11   28  139   49   55  133  171   79   31   18   13    6    5   28    5   15    4   25
    7    1   24   22    7    3   28   13    6    0   48  141   11  198   65   49   55  214  115  169   15   27   34   25    1   14   20   17   16    3
    6    6   16   12   18    2   45    6   18   37    0   98   41  140   82   48   71   85   99  191   25   21   24   25    4   27    4   22    7   23
   12    8   26   15    5    7   20   10   13   33   12    0   57  194  123   46   46  145   77  114    4   12   31   17    4   25   11    6    5   21
    8    9    6    4    9    9   22   24   11   12   15   92    0   37  230    9   82   47  117  202   26   27   32   12    3    9   23   16    5   15
    9    8   25   21    9    6   36   37    9   22   12  153   30    0  208   56   91   94  142   90    4    6   43   28   10   11    3   14   16    9
    6    4   18    7   17    8    6   21   13   59   41  141   45  165    0   53   84   37  104  172   28    5   41   15    2   19   13   21   19   17
    6    2   19    8   19   11   30    5    6   59    5  110   28  127  135    0   13  261  185  131    8   23   21    8   10   35   12   12    5   14
    2    6    8   11   15    5    7   47    6   13   39  157   26   72  183   18    0  254   63   32   23   21   11    7    9    9   11    7    8    6
   12    2    6   22   12    6   34   21    7    9   45   25   68   38  229   11  105    0  141  226   22    4   30    6    5   14   20   26    6   20
   10    9    7   16   18    9   26    6    9    7   38   49   17   67  229   16  116  195    0  128   33    5   28   22    8   15   16    4   11    6
   12    9   18   23    2   13   46   25    4   39   40  129   65  171   70   25   13   29   53    0   29    8   23   26    9    8    8   13    4   15
   12    8   28    8   15   12   23   15   23   21   37   52   41  129  219   56   68   60   93  125    0   25   15   29    7   21   14   11   18    9
    8   10   27    6   14    1   29   45    9   11    7  127   13  105   76   23   85  179  131  217   12    0   20    6    7   28   24   10    4    8
    2   10   21    8   19    7   35   26   13   25   28  128   13  140  177   14   57  148   72  162   14    3    0   13   10    6   10   23   10   17
    2    3   19   20   18   10   44    8   22   33   46  131   10   77   62   19  113   57   99  122    4   24   50    0    2    9   17   10   16   10
    9    7    5   16   16    1   36   52   21   29   45   33   33  151   50   36   89  127   76  113   32    5   19   19    0   33   27   17    3   23
   12    4   25    9    3    3   15    7   23   40   17  131   51  140  173   37   79   66  164  206   21   23   38    8    9    0   26   15    3   12
   13    7   16    7   15    9    6   35   11   10   17   74    7  159   93   37   43  156   81  163   26   20   40   18   10    4    0    7   17   20
   12    7   18   22   11    9    8   33   11   14   10   27   46   87  188   18   18  202  154  168   14    5    9    8    2   31   14    0    4   21
   11    3    9    7   13    4   24   36    2   32   34   65   36   43  198   51   62   50  102  145   30   26   48   16   10   19   25   22    0    6
   12    8    9    6    4   15   21   37   11    6   20   41   38   21   35   13   49  245   66   36    9   12   24   16    8   30   13    8    6    0
    0   24   13    4    2   10   23   16   12    7    7   17   14   28   17   32   17   14   28    4   58   85  170  106   27   22  156  147   37  130
    9    0   12    3   13    9   31   14   15    9    6   35   13   31    6   21    4    4   31   24   90  118   19  115   32   76  223   80   10  134
    3   19    0   14   18    7   39   16   36   26    3   28    9   48    5   13   13    5   15    4  114   76   78   39   72   57   91  208   39  121
   11   23   22    0    3    7   35    2   35   17    6    8    4   48    7   11   21   28   17   26  102   61  169   41   20   72  200  175   30   24
    3   35   13   17    0    4   27    9   37   34   10   11    6   10    5   36    8    7   13   17  100  140   80   64   41   92   99   25   43   16
    4   28   18    4   11    0   32    9   21   28    2   30    9   22    9   39   14    7    4   16  190  127  177   23   44  114  150  163   21  130
   13    5   11   10    6    3    0    7   39   17   11   47   11   49    5   15   19   13   11   30  147   85  124  112   87  108   88  130   46   25
   11   13    9   11   13   10    7    0   10   33    4   21   12   14   15   47    6   10   33   24  190  130   89   68   53   29  100   38   38   54
    8   10   16   12   17    6   36   10    0   23    2   24    2   32    5   16   11   20   28   15  180   51   52  130   62  121  179  193   11  138
   12   17    8    6   16    4   37   15   13    0   13    8    2   24   12   47   12   22   19   21   75   83  142   25   67  104  250   31   24  124
   17   36   12    8    8    6   33   15   30   11    0   34   12   17    3   21   10   21   15   20  176   42  187   96   70   31   63  109   38   73
    9   39    7   12    4    4   26    9    7   27    3    0    6   18   10   17    5   16    9   11  161   85  102   84   38   15  211  205   38  118
    4   18   11    2    3    2   39    6   10   33    7   27    0   18    9   35    7   24   32   29  138  125  121  105   84   81   65  184   33   44
    5   27   21    2   16   11   40   17   30   26    8   10   13    0   14   29   11   14    7   11  143   88   77   49   19   67   93   47   43  113
    4    7   16   10    7    2   37   17   30    3    4   40    4   13    0    8   18   28   16   17   81  135   85   39   73   70   50  205   22  133
   10   36   19    1   14    2   23   17   26   14    9   41   12   46    8    0   21   30   24    5   94   75  114   83   10   25  208  183   45  118
   13    4   22    5   10    2   25    6   39   22    4    8   11   12   13   31    0   33   27   29   30   42  116   23   37   89  188   67   45   66
    3   35   22   13   19   11   35   16   26   29   12   45   10    5   14   38   18    0   15   20   50  130  124  130   55  130  249  161   15   92
   15    5    5    3    9   11   39    2   27    3   12   11    3    7    2   31   13   22    0    3   26   92   97   15   16   22  129   53   47  129
   13   15    8   12   17   10   16    2   11    3   10   45    3   33    4   19    3   19   13    0   55  132   88   55   59  122   66   84   22   94
    4   10    2    2    7    1   33   15   26   26    9   16    9   35    7   43    8   20   31   17    0   83  111   99   82   96  226  123   13  135
   15   15    4   16    2    2    8    4   21   20    3   41    3   46    3   33   21   19    9   26  164    0  106  113   13   70  172  131   47   22
   15   22    3   16    2    9   30    5   11   12   10    5    5   27   11   11    2   23   17   14   20  127    0   67   36   24   75  105   27  120
   17   10   12   15   19    3   29    5   39   13   16   31    3   15   12   26    7   21   13   15  115   28   36    0   68   73  183  125   45   39
   11   21   21    7   14    4    5    7   42   21   15   24    2   28   16   35    5    6   32   11   41   58   35   34    0   97  202   67   40   45
    5   22   17   15   16   11    4    9   31    4   17   44    3   39   12   30   17   23   21    9   92  119   54  123   18    0   44  195   23  147
   14   13    9   10   20    9   30   13   33   10   12   23   14   36   16   13    5   25   32   27  138   21   69   40   29   96    0  160   14   63
   15    7    8   13   15    8   38   10   23   18    4   22   13   23   12   17   13    5   25    5  169   70  108   50   42   21   71    0   28   37
   12   14   19    2   14    5   18   11   17    6   14    8    1   48    5   29   11    8   10   24  111   28  113   45   90  107  162  167    0  104
    4   26    5    8   12    6   10   12   23    5   12   47   12   23   14    6   15   15   20    3   48   45   81  100   29  119  101  140   32    0
    0  190   24   32   53  223   48   33   34  157   34   16   30   15    7   15    7   18   20   39   25   13   39   30    3   29   18   15    3   45
  103    0   19   57   45  158  120  109   62  224    6    9   11    6   54   16   20   22   16    9   28   14   24   13    9   38   24   13    8    7
   93  135    0   15   16  107   64   29   17  224   13   27   39   24   44    3   18   26   22   20    9   18   36   25   19   28   43   20    7   11
   19  207   26    0   26  120  159   30   18   75   21   22   25   21   43   11   17   26   11    6   22    3   43    8   22    7   41   22    4   40
   65  133   53   27    0   43  123   24   57  144   22   29   11   19   25    6   11    7    7   11   12    5   29   14    6   19   23    5    9   36
   29  106   51   38   22    0  145  101   16   65   28    3   41   25   16   11   11   14    6    9    6    7   10    6    6   40   47   12   12   55
   86  107   72   48   62   73    0   68   54  146    7   29   23   16   29   17   14   27   25   11   27   16   27   13   26   34    6   21   13   30
   34  208   99   40   12  171  159    0   25   58   14   11    7   23   26   18    3   16   15    9   11   21   21    7   26   24   37   18    8   55
   63   67   72   53   59  232  140   22    0   35    5   17   20   28    5   18    3    8   22   20   15   16   44   21   19   13   28   17    6    9
   68  199  101   17   21  116   48   82    9    0   18   10   40   31   11   10   22   21   20    7    9    9   42   26   16   10    6    9   12   42
   36   72   75   22   60  216  203   54   57  133    0   22    4    8   31    7   19   19   11   19    8    6   17   24    3   37   15    4   15   13
  102   43   96   47   40  244   26  102   47  230   31    0   33   32    8   11   10   12   15   20    9   16   48   16   14   20   14   23   15   27
   91  216   38   49   24   69   32   68   10  205   26   26    0   25   46    7   15   27   13    9   24   18   22   21    9   23   39    8   17   21
  136  218   54   32   31  124  114  102   40   88   15   13    7    0   13   13    2   23   27   25   15   21   13   14    4   40   11   18   16   56
   37  136   23   27   45  173   62   29   12  161   10   24   23   31    0    7    7   22   15   12   28    7   37   17   10   11   33   14    4   19
  104  146   14   40   36   83  131   52   65  155   13    9   19   13   47    0    6   14   24   15   14   21   39   27   24   19   38    3    2   14
   46  115   66   58   43  176  160   22   49  147    4    6   12    9    8    5    0   33   19   31   14    3   37    3   12   13   29   20    8   31
   67   73  102   46   52  140   97   95   18  138   11   11    5    4   53   18   18    0   23   43   12    2   45   10   16   37   26   23   10   11
   55  167   24    6   47  276  108   17   65  207   33   27   23   17   47    8    2   12    0   24   24   14   22    4   17   22   42    2   12   39
  106   69   26   48   21  160  138   78   18   43    9   28   31   23   18    7    8   21    3    0   24   10   27   25   15   41   35    9   14   10
  127  114   61   40   48   89  180   45   21  157   23   25   31   20   10   17   14    6   19   17    0    9   33   25   13   25   24    5    2   15
  108  149   70   25   48   68  164   39   15  165    6   23   37    9    7    1   14    6    7   27   27    0   42   23    4    9   17   21    6   41
   33   64   37   35   56  214   67   49   21   82   34   10   25    6   28    4   16    8   23   41    3   10    0   28    9   31   19   17   10   34
  101  195   26   28   40  125  100   23   59   75   19    4   27   25   24    3   10    5   15   29   11    7   22    0   16   18   20    5    7   38
   97  125   68   43   32  200  188   19   53  164   37    7   40   20   20    5   10   31   25   22   20    8   14   20    0   19   47   13   16   54
   93   34   88   18   36  119   75   97   18  123   16   28    8   28   30    9   10   34   22   13    5   21   17   30   20    0   33   23    6   21
  125   37   55   31   25   30  110   18   10   81   17   28    9   19   29    8   18   20   26   14   27    6   28   29   21   26    0    3   11    8
   21   61   51    9   30  206   47  117   40  100   17   15   40   11   17    9   15   10    7    8   16   10   13   29   24   42   11    0   17   53
   95  121   66   20   20  250  112   59   43  129   34   30   29    8    8   18   15   12    8   19   22   16   47   15    8   11    7   13    0   51
   50  229   57   32   15   85   47   39   62  237   26   22   28   22   27    9   18   24   16   46    5   16   17   29   13   24   33   16    2    0
    0   83   15   77   25  165  163   82   66   62   26   15   36   30   25   20    8   27   12   38   13   17   26   27   20   12   18   34   35   25
  146    0   18   89  134  114   31   55   39   15   10    9   41   23   23    4    4   17    2   28    7   35   21   25   19   21   11    4    9   31
  137  156    0   19   59   46   67   38   16   51   27   22    9   18   21   19   17   35   10   33    6   13    3   37   16   32   11   24    8   11
   55  174   39    0   73  134  147  137   30   46   17   10   30    7   26   12   11   26    4   28   36   24    3   26   19   29    3   33    5   18
   67   86   52   98    0   34  223   44   49   28    6   16   28   31   20   16    4   15   15   12   17   37    5   26   25   10   30   23    7   29
  125  162   32   19   59    0  148  118   87   43   11   16    6   22    3   22    8    8   17   38   18   31    5   33   14   19   11   27   20   13
  163   53   55   86   96   24    0   56   48   31   18    8   26   21   19   17    6    4    2   23   11   18   28    8   24   38   11    5   28   39
   91  129    7   95   41   74  106    0   55   31   28    2    9   24   19   23   11   21   19   16    9   28   22   13   10   16   13   12    5   14
  124  191    7   51  169   75   40   56    0   55   12    9   17   31    6   21   17   17   11   39   34   22    7    4    3   11   24   12   24    6
   87   32   51  142  164  112   43  114   37    0   25   14   38   34   26    8   16    8   10    4    9   13   14   10   13    5   30   26    3   40
   46  113   23   92  123   34  235  139   46   21    0    7   25   21   21   18    7   31    4   32    8    5   21   25   25   12    8   27   10   35
  158  109   47   65   41  187   67   90   84   18   12    0   10   35   21   19    8   33    6   23   20   40    5   35    6   32   23   30   11   17
  123   46   19   52   36  157  194   61   78   13   31   14    0    8   10   17   13   25   13   18   21   21   12   21    9    9    8    7   21   33
   28   99   30   81  174  137   62   70   21   38   12   13   19    0   23    3   18    7    6   27   11    6   11   35   24   34    6    4   17   31
   54   20   41  170   84   72   99  109   52    8    9   13   24   24    0   15   10   31   15    7   16   38   10   32   25   22   12   18    6   41
  154   68   20  135  183   55   93  115   31    9   10   20    6   20    5    0   10   25   13   19   15    6   13   16    6   20   30   10   22   38
   42  109    8   90   62   19  208   32   30   15   12    2   22   16    7   24    0   35    9   22    4   32    3   11   18   14    8   20   20   13
   36   88   39  134  154  141   83   66   89   48   11    2   45   22   16   11    4    0   12   35   21   31   16   28    9   25    4   10   21   19
   57  134   57  159  142  105  168  108   87   45   11    3   39   13   23   22    9   14    0   11   23    4    9   21   13   18   26   11   27   22
  127  126   11  139   95  170   38   43   79   48   27   14   16   27   15   26   14   35    2    0   27   11   24   33   21   11   23    7   19   20
   57  169   22  169   99  117  211  104   75   43    8   13   20   27    6   26   15    8    8   25    0   30   22   12    9   13   13   25   20   40
  101   94   52  123  180   31  164   87   33   12    6    8   32   25   24    5    8   22   15   40    5    0   23   40   10    5   13    4   35   18
   85  135   20  141  114  127  143   27   43   63    7   13   15   35   22    8    5   13   13   30   24   36    0   36   12   14   24   17   32   25
   61  109   52   25  125   74  192   80   28   24   24   13   22    6    5   16   16   23    3   37   27   32    6    0    8   32   13   32   24   34
  126  118   21   38   54  102   86   70   40   43   27    9   45    7   20   28   12   33    4   22    7   16   20   19    0   26    5   33   15    7
  163   33   17   63  166  103  192   49   56   57   16    4   40   35    3   26   11   30   15   26   27   15   27   12   28    0   25   23   28   24
   55  119   31  148   89  151  203   58   72    7   11   20   17   10   14    8   10   23   16   18   15   25   22   13   21   35    0   21   24    5
  157   23   23  103  141   28  170   24   68   51   12   22   31   13   25   26    2   17    2   32   23   40   28   12   28    4    4    0   14   35
  125  115   43   90   59   43  141   98   12   36   13   17   36   10   11   22    6   38   15   22   33   17   17   29    6   16   29   31    0   32
   75  138   55  107   99  164  212   34   34   20   28   23   14   13   21   12   15   37    8   23    6   31    8   31    6   24   25   11   12    0
    0   24   70    6   73   40   31   43   48  107    4    5   11   10   11    2    5   34    1   19   96   90  100   61   44   46  118   94   48   59
   36    0   21    5   37   26   16   42   76  117   30    6   11   19   12    3   20    5    2   27   72   20  103   36   12   40   28   85   27   27
   23   36    0   18   13   19   77   17   29   93   21    5    9    6   23    8   21   15    6   29   27   61   70   14   85   51   62   78   45   34
   78   55   16    0   56   47   72   13  100   54   32    2   12   24    4    4    9   33   11   13   19   99   61   52   84   20   58   49   52   71
   31   32   59   19    0   24   65   15   42   56   12    4    3    9   19    6   20   15    7   17  109  127  182   26   38   49   25   57   52   32
   77    7   21   10   10    0   10   43   12   47   31    3   13   12   13    5   18   21    8   26   47  111   27   90  100   64   59   54   15   77
   28   36  121   22   18   28    0   32   98   96   27    6    8   16    3    4   21   33    8   12   68   70  168   73   32   49  116   95   19   92
   74   24   88   30   66   35   71    0   21  107   26    1   15   19    8    2    9   13    9   19   24  133  197   70   87   38   61   42   30   60
   38   44  121   16   13   28   59    4    0   63   19    6   13   13    8    1   16   12    4   29   15   19  123   38   56   47   81   93   30   61
   91   53  121   30   27   15   31   41   88    0   10    6    3   20   12    3    2    8    4   12   29  129   93   51   74   13  116   54   41   65
   31   49  113   17   89   31   33   29   15   56    0    2   13    9    6    4   15   31    7   11   47  122   22   42  110   40  128   95   24   51
   40   39   78   22   39   32   76   17   97   91   25    0    8   15   16    5   12   26    9   19   21  140   98   99   12   25   39   64   14   67
   16   56   86   14   86   24   16   23   20   80   21    6    0   25    5    7   14    6   10   16  120  133   22  104   25   57   73   24   25   66
   10   33  123   22   91   36   44   12   17   19   18    1    8    0    3    1   20    9    6   23   59   46   99  104   32   47   29   23    8   67
  100   45   81   20   63    5   47   41   61   68    5    4    7   12    0    8    4    7    1   21   28   93   64   78  103   25   31   50   17   11
   48   26   36   34   43   40   54   32   83   31   19    5    7   22   19    0   13   30   11   23   59  133   38   61   18   63   51   24   13   89
   10   64  109   27   82   34   76   37   56   29   20    5    2   16   15    6    0   27   11   25   66   48   83   39   34   42  106   46   34   52
   19   11   50   27   13    7   46   16   76   47   14    6   16   23    5    6   20    0    1   29   61   39  104   69   76   21   84   44   25   23
   30   16   53   39   18   37   59   13   24   35   23    6    4    4    2    8   18   29    0   26  114   46   93   69   99   18  116   27   34   49
   73   54   79   30   39   40   70   21   91   31    9    7   11   25    9    1   19   21   10    0   19   69  201   73  101   16   13   63   51   34
   56   17   78   21   28   37   12   35   93   61   28    1   17   29   13    3    4   16    2   24    0   26  133   17  101   12  111   31    5   88
   31   61   94    6   95   13   37   33   16   39    4    7   12   29   13    3    5   15   10   19   84    0  138   60   66   46  117   20   24   88
   18   28   80   29   62   23   28   26   87   75   17    4   12   12   12    3   17   30    5    3   91  145    0   56   50   52   29   50   48   91
   23   14   61   15   21   25   78   45   47   90    5    4   11   15   19    1    6   22    6   16   87   90  146    0   65   39   85   69   14   79
   30   40  109   13   14   25   32   42   16   48   18    6   13    3   15    2    6   10    1    9   39   88   80   82    0   17   97   31   36   22
   67   18   42   32   78   27   13   44   53   26   26    2   13    9   20    5   13   17   10    3  110   53  116   75   15    0   53   62   36   61
   16   50   33   15   55    6   70   41   11  102   11    2    7   17   22    9    5    6    7   26   57   47   30   93   67   22    0   40   47   52
   51   48   91   33   58   40   54   40   75   98   21    3   16   12   18    7    5   10    3   29   18   79   49  111   97   65   52    0   35   84
   99   28   50   38   54   47    8   36   92   65   22    7   16   12    8    7   11    5    2   22   69  118  130   58  103   39   41   50    0   10
   13    8   58   21   93   24   24   32   64   94   19    2    2   27   12    1    7   21    8   15  116   40   60   79   33   68   49   75   51    0
  557  833  560  618  551  741  792  895  983  813  671  780  623  634  695  580  832  693  935  758  585  816  645  854  715  978  634  736  702  679
