   30
5
5
    0  136   28  149   99  174   27   18   37  176    7    7   33    4   17   10   28   27   22   38   35    2   12    8   33    7   34   10    7    7
  178    0   16   54   94   89   53   91  111  162    8    5   16   10    3    7   12    5   13   45    4    3   40   20   19    8   10   15   47    9
   24   58    0  185  150  136   11   54  120  152    8    9   38   17   13    4   12   16    3    7   35   10    9    4   18    6   17    7   30   13
   18  208   34    0  130  176   51   65   65  104   11    2   31   17   10   12    8   27   25   46    8    6   37   15   16   13   43    7   25   17
   96  127   74  117    0   95   21   54   31   63   10    6   44    1    5    9   13   18    3   14   25    5   22    4    9   16   15   15   17    7
  153   51   38   82   71    0   45   82   16  129   15   13   32   17   12    6   29   19   14   21   10   10   13   15   24   10   44    7   26   17
  106  219   63  167  136  120    0   40   87   23    7    3   30   10    5    6   10   10   15   42   14    8   33   17    9    8   38   10   40   13
   39  108   11  145   31  212   47    0   37   68   12    2   31    3    4   10   24    7   15   34   29    2   10    4   36   10    6   10   48   16
  157   42   37  116  141  139   39   98    0  102   23    4   33   17   10   10   12   22    9   30   25    6   18   11   35    7   32   11   23   14
  135  226   79   79   64   26   43   96  109    0   11    2   39    8    8    4    6   25   17   38   16    4    9    7   16    4   13    3    6    5
  147   45   41  132   39  131   40   79   84  120    0    3   32    3    9   11   26    5    9   52    7    3   19   12   36   15   40    2    7   16
   87  129   16  118   94  210   38   63  121  118    8    0   31   13    5   10   24   19   12   13   25   11   11   15   38    2   46    8   38   13
   93  208   18  135   63   93   22   58   90  176    4    6    0   13   14    7   30    3   22   46   10    5   11   14   16   11   55   12   15   13
  129  101   72   59   55  146   18   24   29   27    8   11   21    0    9    6   30   25    4   34   32    8   40    8   36   10   21   12    6   19
   93   52   17   83   54  194    7   93  122  126   21   14    8   11    0    2   30    8   18   27   12    9   14   15   14    2   10   12   23    6
   81   29   55   77   21   34    7   61  114   49    6   11   32    3    3    0    7    7   22   13   38    1   40    2   42    6   47   12    9   14
  124  157   67  152  150  170   37  173  105  193   19    9   27   17   12   10    0    5   15   45   32    2   36    3   42   11   28    5   42   10
  123   72   19   83  118  140    8  169   67  162   16    6   26   12   18    3   30    0    9   14   24    4   37   15   16    5   35   17   16    5
  150  234   61  102  107  159   31  131   93   93   10   10   15   13    9    1   34    3    0   13   32    1   47   11   11   13   12    5   35   18
  139   36   55   41   53   74   47   88   89   24   19   10    8    2    6    5   11   10    7    0   24   11   48   16   13    6   21    6    9   12
   56   49   15   63   23   34   23   74   70   41    4   14   18   13    2    1    7   15   12   13    0   12   48    7   34   12   34    3   19    4
   56   36   64  130   87   51   46   94  123  135   16    3   13   12   18    3   17    6    8   28   34    0   34    7   17    3   38    5   12    6
  164   89   39  103   48   69   35  146   16   80   18   14   36   12   16    2   17   19   23   19   31    2    0    9   36    6   32   15   32   19
  159   57   35   78  149  146    9   90   16  172    3   10   41    9   16    3    6   28   18   27   34    2   27    0   39   12   16    8   25    4
  116  118   82  102   15   77   40  105   25   21   15    6    9    2   16    5   33   15   25   10   30   12   26   10    0    3   12   11   14    2
   84  205   54  144  115   73   53   88   74  101   11    3   30    9    7    9   15   16    9   44   42    6   37   14    9    0   42    7   13   17
  150   59   93   74   19  211   40   94   95  139   16   12   30    7    8    3   13    6   15   15   28    1   40    2   23    7    0    9   36    3
  112   30   95   41   23  214   40   60   75  191   14    5   36    8    5   12   23   26   25    7   24    3   18   15   11   11   37    0   18    6
  118   31   31  125   83  199   27  153   38   99    4    8   27   12   16    9    9   13    4   10   22   10   17    4   36    4   50    2    0   11
  100   67   98  168   19  179   18   68   41   91    8    9   10    9    3   11    6   22    8   38   15    5   23    4    8    2   42    9   42    0
    0   27   52  148  149  143  159   82   71  146    3   27   15    8    8    4    5   12    9    7   13   23    2    7   27   21   26    9   14   14
  193    0   52  144   86   85  208   26   24  199   18   20    6    2    3    3   17   10    6   11   30   15    5   13   38   40   11   18    2   19
   97   52    0  168  188  144   86   70  100  142   19   18   17   10    1   19   11   14    6   26   21   12    6   17   21   10   26    4    7   16
  200   11   35    0   35  132  200   14   54  169   20    8    7   10   12   15   16    4    9    5   11    6    7   15   11   27   38   33   16   10
  197   19   96  101    0   79  147   75   81   87    9   25   24    8    7    6   12   17   10   13   17   25    1   10   11   28    4   18   11    4
  132   41   69   90   52    0   36  103   72  155    7   23   19    7    5    3   15    6    8    5   18   12    7    5    5   34   25   17   13    9
  166   30   67   72   53   81    0   76   83   31   20   20   43   10   10   14   10   21    3   11    7   30    2    2   14   43   35   42   11    8
  147   49   58   53  109  159  129    0   72  107    8   31   34    4    1   10    3   20    1    9   19   21   11   10   20   37   29   10   14   14
   93    9   37   43  160   77   32   45    0   96    5   24   46    9   13    7    6    5    5    6    9    6    5   16   23   27    6   17    8   22
  157   36   15  146   52   46  224   63   23    0    7   27   16    9    9   14   14   12    9    3   20    9    5    3   25   18   18   41    2    2
  169   36   55   45  145   85   53   21   81  218    0   19   19    7    6    2   19   14    6   20   26   29    4   17   40   17   26   27   15   17
  135   32   81   57   50  101  102   80   80   60    5    0   14    7   11   13   17    2    7   10   35   16    3   11   11   13   39   12    3   23
  104   10   53   74   56  126  113  138   14  144    3   33    0    2    1   13   11   10    5    5    9   11   11   13    9   29    7    8   17   20
   46   66   59  130   46   40  138   79   82  150   20   10   40    0   12   13   15   18    8   26   20   10   13   17   21   13   12   40   15    8
  191   37   88  145  165  127   35   73   27  172    2    5   32    1    0   12    5   18    6   21   14   17   10   16   32   10   22   11   14   16
   58   59   43   78  139  130  123   60   91  231    3    5   39    7    3    0    9    4    5   29   35   17    4   15   26    8   24   22    4   22
  134   72   29  148  177   18  216  130   94  240   12   35    7    2    5    6    0   12    4   33   48   24    2   17   14    7   28   31   10   23
  163   43   56  169   27   64   41   97   46   77    5   20   40    5   13    3    3    0    8   26   38   24    7   12    6   24   14   36   11   12
  186   15   45   35  181   94  143   24   24   69   20   27   17    5    9    3    7    9    0    7   28   19   14   10   34   34   16   40    8   16
  188   30   27   30   66   47  185  110   74  109   11   36    6   10    2   15   13    4    3    0   30   23   11    7   23   13   20   22   16    3
  174   27   44   70  145  107  180   49   94  191    3   21   35    7    4   19   17    2    3   10    0   13   13    8   13   17   31    6   16   23
  117   38  101  119   72   59   72   29   29   75   18   26   15    9    4    6   13   21    9   12   15    0   11   13   28   42   27   10   14   24
  180   20   38   95  179  104   28   63   68   52    3    7   47    5    3   13   13   19    5   14   44   25    0   11   41   20   27    4   15   20
   42   53  101   69  139   68  146   92  100  101   21    9   19   12   12    6    2    3    9   10   12   24    8    0   20    4   34    7    5   19
  141   15   16  111  133  159   27  128   84  198   11   42   44   10   12   13   19    8    9   11   43    5   11   10    0   24    5   11    9   13
   32   23  111   64  140  118   38   98   54   25   12   32   11    1    5    4   11   13    1   11   28   12    2   17   32    0   30   40   10   22
  142   62   43  146  123  147  150   37   41   72    8   30   23   10   13    7    7    5    9   11   29   13   10    2   24   27    0    6    3    4
   96   16   38   68  110   26   80   60   91  124   14   32   11   10    8    8    2    6    1   13   39   26    2   12   32   18   20    0    3   11
   66   36   96   90  119   36  121  104   15   62   16    7   42   12   10    5    4   14    6   19   29    9   12   11   24   17   33    4    0   13
   60   58  103  111   42  143  121   26   45   41   13   27   28   10    7   19    4   21    8   32   21   27    2    4   29   30   12   38   11    0
    0   53   19  151   52    9  125   26   13   48   35   14    6   16   21   10    5   25    7    6    2   36   14   20   34   39   33    6    6   11
   67    0  100  134   56   10   74   59   78   52   12   15   18    1   20   25    5    8   39   15    4   20   14    9   12   25   15   45   13    5
   55   50    0  148   99   29   49   46   26   71   16    5   10    8   15   25   24   45   42   24    8   41    8    2   31    9    7   39    1   10
   40   90  121    0   74   78  234   98   60  160   13    9    5   10   21   12   13   32   22   15   12   31   15    3    4    7   16   57   14   10
   72   50   60   75    0   31   45   93   76   64   33    2   13   12    8    9    8   54    5   25    2   33    7   20   16   38   31   13   14    8
   68   89   65   46   15    0   51   74   60   40   25    8   27    6   20   22    6    6   32   32   14   35   21    9   31   30   27    7    9    1
   56   68  169  139   54   10    0   40   13   47   25   17   21   14   18   21   28   10    5   23   11   35   11   14   31   35   34   12    8   11
   28   72  127  186   56   65  237    0   42   82   16   11   13   13    9    4   25   30   16    4    3   20   19   19   12   43   40   37    4    2
   66   14  121  193   86   70  241  144    0   24   10   16   34    6    7   36   22   40   23   38    3   44   17    3   19   21   35   29    1    9
   36   12   29   26  104   28  222  145   56    0   31    6   10   14   28   11    8   45   30    6   15    6   15   11    9   17   13   46    2    8
   60   66  163   75  107   33   31   60   68  152    0   14   31   15   15   27   21   27   27    5   14   22   19   10   23   41   31   41   11   13
   44   40  161  155   96   78  166  103   29   54   11    0   24   14   13   18    5   42    5   38   16   24   24   12   21   10   28   47   12   10
   60   76  168  176   96   53  129   92   11   63   11   14    0    8   32   26   27   30   42   14    5   34   11    2   26   27    4   51    7    7
   90   99  141   85   85   72  143   87   80  159   25    5   22    0   24   10   29   43   46   15    8   42   23    9   18   45   38   12   12    3
   20  103   35  174  132   23  165  145   37  153   26   14    3    1    0   26   14   11   10   26    3   24   29   13   15   46   37   14    1    9
   52  106   67  214  122   11   40  148   90  141    7    6   26   15   23    0   10   27   38   15    3   38   12   17   26   20   44   15    7    5
   36   25  129  160   32   59   33   19   65  137   30    3    7    5   26   28    0   14    7   27   13   41   23   12   13    8    6   25   14    2
   40   55   93   40   94   66   96  103   69  128   30   15   15    3   10   32   10    0   35   37    7   20   28   19   28   16   27   24    5   10
   53   96  136  233   75   15   60   60   59   50   19   15   31    4   34    3   17   43    0    5    8   38    8   12   16   27   25   40    3   10
   80   95   40   88   21   73   85   30   17  147    7    9    3    3   26    9    8   16   36    0   12   21   10    3   22   35   34   38    7    6
   57  109  140   85   71   75  186  110   48  165   10    4   23    4   35   18   26   24    7   39    0    6    5    2    6   38   30   35    5    2
   32   90   67   87   69   19  175  143   73   95   17    8   36   12   33    4   20   15    7   35   17    0    6    4   25   31   34   27    9    8
   75   44  135  179  103   59  154  104   77  146   23   12   18    9   33    4   17   49    6   14    9   31    0    5   12   41   42   40   13    8
   34   81  151  189   35   13  169  149   58  155   32   11   30   16   31   24   15   56   22   19    8   12   13    0   22   21   26   24    5   11
   34   15   35   79   17   50  195   38   51  162   30    3    5    3   16   28    6    5   20    6   15   17    4    2    0   29   14   21    9    2
   18  117  149  156   52   25  123   56   16   59    9    2   13   16   21   36   19   25   21   24    7   40    5    6   29    0    9    5   14    8
   81   84   85   72   57   28  114  125   12  115   27    4   14    4   27   13    9   16   15   23   13    9   17    3    6   11    0   38   13   12
   48   18   30   48   50   12  179  102   57   94   27   18   27   18    8   30   10   22   42   31    4   38   20   11   33    5   17    0    9    2
   61   35  158   57  133   76  193  140   64   63   18    6    6    3   31   34   21   24   28   28   11   36   24   20   25    6   17   17    0    9
   19  104   93   47   38   17   68   68   89  156   27   17   29   10    5    8   21   30   35   23    8   18   18   13   33    8   23   20    4    0
    0   18    6   23   14   12   29    1   30   13   90   18   33  185  196   43   44   54   66   10   38   18   12   15   21   18   20   20   32    9
    8    0   13   15   31   21   13    7   36   13  116   13   50  194  139   64   67   60   38   14   16   15   25    8    3   53   13    3    7    6
   19   12    0   14   44   27   26    5   39    9  145   68  101  165  165   14   96   38   43   30   36   21   10    5   11   26    5   26   52    2
    9   34   12    0   23    8   24   16   11   14  160   74  268  154   80   13   49   79  117   29    6    8    4   22    6   35   19    5   37    9
    4   43   20    4    0   32   24    6   22   11   77   28  175  207   54   11   65   36  183    5    9   15   25   17   22    5   21   26   24   14
    3    8    9   16   34    0   10    6   13   12   65   49  114  191   59   15   64  114  148    9   24    8    5    5   13   17    8   17   12    8
   16   20    6   24   31   21    0    3    5   11  136   29  155   87   61   18   54  110  123   28   32   19    7    8   14   29    2   20    5   11
    4   29    2   12   43   19    3    0   24   15  117   63  148   32  214   21   41   18  166   30   11    9   11    3   12   18   14   23   41    7
    6   13    9   12    7   18   25   16    0    9   56   53  105   47  196   37   66  100  179   17   26   27    6    6   13   52    5   11   48   11
    6   45    7   14    8   27   28   17   30    0  164   10  168   29   24   76   23   40  166   30   29   15    5   18   11   20   11    3   24    5
    9   35    6    7   11   18   18    2   34    4    0   56  120  104   60   65   65   70  102   10   19    6   18    4   21   38    3   22   10   14
    5   27    5   17   11   15   11    2   39    6  185    0  201   26  214   70   19   25  135   17   40   24    4   16   18   48   19   18   46   10
    5   30   11   13   34   16   27   15   38   12  157   41    0  186   35   50   43   38   23   18    8   29   19    8    3   12   19   10   20    9
   15   38   16   15   34   24   10   13   12   12   36   10  262    0  219   17   85   24   33   13   36   16   26   14   11   43   21   21    6    7
   19   45    5    6   16    5    9    3   12   10   43   38   75   48    0   52   45   77   29   14   22    8    9   13   13    7   21   14   27   11
   11   31   17   29   48   22   20   15   10   12  152   37  194  192   76    0   13   86   30   14   26   20   27   11   19   23   16   17   39    4
    7   18   12   17   23    9   11   15   38    5  164   81  263  124  171   35    0   76  127   10   19   15   27   22   20   22   15   26   44    9
    9   29   13   14   13   18    5   14   26   10  138   74   78  206  175   73   82    0  143   16   40    8   14    3    4   42   20    4   24   13
   15   17    7    9   34    3   16    1   33    9  146   46  182   68  166   20   68   64    0   10   10    4   10    3   19   51   15   20    8    4
   16   43   11   11   48    8    4   12   28   10  134   69   27   78   52   67   71  105   79    0   19   16   31    9   19   42   10   12   38   12
   17   41   20   13   49   28   18   16   37   15   26   68  209  195   60   49   28  122   95   29    0    5   28   10    6   23   12    9   28    4
    2   42   12   22   11   29   18   14   17    9   66   46  235   97   52   68   21   69   79    6   16    0    6   13   16   49   20   10   29    6
   10   25    3    4   10   13   30   10   26    2   46   24  234  122  101   15   60  112  102   18   35   12    0    2    9   29   17   17   39    3
   17   10    5    4    6   19   12    9   32    7   37   59  190  216  165   44   74   75   92    7   14   19   25    0   13   23    4   17   30   11
   13   42    5   29   28    5   16   16   34   13   22   66  112   66  146   30   81   30  105   28   40   11   10   17    0   53   18   12   24   13
   19   24   18   14   35   26   29    5   24    9  142   67  115   99  159   30   53  130   30    3   33   21    8   13   20    0   14   16   23    4
    9   38    3   15   14   27   16    5   21   14   38   79  109  208  226   29   51   32  152   31    5   19   24   11    6   36    0   20   43   12
   13   17    4   15   26   22    7   10   13    3   93   40  193  216  139   46   54  123   83   31    9   23   10    7    9   35   13    0    9    7
    2   34    7   21    6   31    6    5   22    4   19   48  216  195  190    9  102   26  183   13   24   24    5    6   22   28    4   16    0    4
   15   45   12   28    5   29   24   16   23   12  153   16  252  118   59   32   35   99  164   11   16   11   12   22   20   28    3   19    7    0
    0   37    5   62   43   10   47   14   38   29   19   53   53  131   64  174  112   41   61    4    8   29   18   37    4   15   24   11   47   17
   41    0    5   63   37   21   14   13   10   18   64  201  125   62   74   87   37  103   23    8   24   14   11    6    3    4   15   14   35   29
   31   40    0   25   30   22   22   14    9    6   13  142   52  106   69   98   31   67   75   20   20   47    8    6    3    5   33    3    8   18
   33   25   22    0   47    7    7   27    8   11   30   84   92  138   57   91   15  163   62   30   16   39    5   16   28   21   21   15   55   18
   25    5   16   39    0   16   26   39    9   44   75  173   61  127   13  177  123   45   11   22   23   46   22   31   21    5    6   16   33   25
   12   37   19   37   25    0   10   24   54   33   18  163  111   37   75   68   26   66   30   23   14   18    9    9   25   20    9    2   19   11
   25   13    7   28   10    6    0   48   27   38   55  248  104  116   30   60   19  109   83   32   15   39   18   14   14   19   22   10    6   26
   38   12   20   32   22   24   12    0   13   16   25  155   66   32   83   39   78   68   57   12   22   50    4   31    6   20   22    5   55   27
   31   32    8   54    5   18   29    5    0   41   78   45  144  110   53  109   37   27   80   34    2   10   10    9   16    5   20   16   53   13
   31    5    8    8   23   16   32   33   21    0   13  224  122  104   77   39   89  147   88   24   19    5    4   37   22   21   31   18   42   14
   45   17   18   16   25   14   45   16   37   19    0  134   75  104   41   26   31  145   46   13   17   18    3   15   15    4   22   19    8   16
   13   29   10   38   37    5   27   24   34   33   12    0   67   43   42  186   39   41   13   13   10   46   15   16    9   10   12   17   52   17
   15   42   13   10   10    8   48   13   28   28   24   84    0   61   33   99   92  117   89   32   10   24   15    4   13   20    8   12   15   24
   38   10   13    8   31    3   42   36   20   43   45   32   31    0   63  148   30   83   45   10    5   25    7   42   20   16   22   10   18   20
   19   38   16   52   23   27   20   40   51   50    9  123   65  135    0  114   40  164   34   26   10    8   26   27    5    2   13   16   16   30
   54   37   14   49   13    2    8    7   25   39   22  122  103  114   45    0  110   31   53   23   11   16   16   25   26    4   20   16   14   29
   50   40   12   15   42   25    7   38   50   27   69  159  139   35   43  193    0  181   70   31   17   26    5   15   22   18   31    8   27    8
   21    5   22   48   30    8   37   14   22    9   65   47   54   62   73  116   50    0   48   30   23   17   19   29   28   19   26   13   53   28
    7   45    9   31   48    2   28   37   19   27   14   55   38   24   58   85   83  221    0   19    6   32    4   22    5   10   26   15   48   31
   45   12   10   14   33   19   36   43   38   45   27  205   52   42   31  116  115  170   43    0    3   36   21   21   15    4   34   15   36    9
    9    5   20    7   44   12   22    6   19   12   69  182  137   29   58  112   61  119   19    4    0   27   27   15   26    7   31   13    9   25
   43    6   15   58   18   20   12   49    6   50   51  251   24   42   49   96  118  219   66   17   16    0   25   44   13    5   16   15   20    6
   45   24   27   13   23   18   42   18   41   35   27  122   48  129   35  139   20  128   23   32   23   29    0   28    4   16   34   16   23   31
   16    7   24   52   34   12   13   17   42   35   19  243   40   62   21   69   28   80   48    9   25   14   22    0   22   12   15   19    9   23
   14   14    7   16    8   15   34   33   12   16   22  226   94   33   74  185   66   68   28   17   15   26   28   45    0    8   25    9    7   25
   16   12   11   27   39   19   20    6   35   45   66  162   44  128   46  170   66  157    9   20   19   23   17   32   10    0   24   17   11   29
   48    7   26   31   47    3   45   33   12   44   58   29  140   63   53  144  117  215   88   25   11   31   22   42    7   11    0    2   20   31
   20   34    6   36   28   11   56   34   32   39   41   85   47   90   34  154  109   84   23   29    5   38   17    8    7   18    5    0   12   31
   32   43   23   34   44   11   58    9   31   52   39  171  126   81   20   41  102   34   70   28   12    9   24   44   23    7   20   19    0    3
   15   15   13   62   17   22   54   49   12   17   71  203  138   54   46   95  110   24   16   21    3   51   19   28   28   17   14    7   22    0
  879  725  849  793  590  795  918  559  799  746  565  854  973  776  927  874  613  949  799  841  749  593  887  834  697  502  716  563  522  751
