   15
   10
    10
    0   17   75   22   71   43   29   74   86  186  627  565  165  524 1014
   55    0   50   52   90   20  109  105   55  151  411  307  187  131  593
   37   36    0   24   50   15  115  198   69  116  713  321  205  585  442
   44   30  125    0   42   17  149  143   46  173  455  500  227  451  807
   48   36   39   85    0   42  119  206   33   19  429  669  196  794  580
   50   35   78   77   58    0  179   79   11  144  464  641  101  403  811
   40   23   92   90   70   62    0   56   66  138  535   89  177  499 1121
   33    6   76   91   11   48  100    0   79  182 1228  400   53  612 1232
   61    8   15   33   26   43  122  179    0  174  837  519  136  759  250
   32   28   22   66   87   13  234  149   31    0  299  101  136  620  315
   30   37   80   35   60   57  127   83   81   29    0  162  219  257  156
   57   39  102   64   93   37  159   64   23  143  599    0   96  111  247
   38   37  110   63   24   42   48  198   43  113  815  468    0  144  570
   45   33  110   32   89   22  225   70   40  127  556  230  175    0  867
   28   36   61   70   65   21   75   61   76   45  721  772   30  369    0
    0   25   74  187  415  143   15   69  110   49  510  315  498  299  344
   60    0   70   88   97   68  104  179  158   48  470  376  284  405  465
   27   88    0  141   65  214  121   76   25   18 1219  298  152  145  583
    7   69  105    0   52   84  101  202   49   46  305  487  266   97  581
   31   64   50   62    0  196  107   63  130   23 1164  460  670  397  180
   19  164  260  176  149    0   98  202   52   19  732  173  508  204  557
   57   43  105  144   82   52    0   40  128   28  234  253  413  131  194
   33   25  149  126  176   62   76    0  129   49  243  414  551  355  451
   11   48  254   49  229   48  122  136    0   12  185  144  304  253  158
   66   43  240   31  205  205  120  201   34    0  604 1008  591  118  128
    9  128  258  146  282  151   46  139  131   44    0  714  551  150  441
   45   91  129  132   72   51   46  115   74   61  127    0  624  223  237
   42   79  127   49  101   66   28  130   28   55  825  190    0  418  478
   45   65   29   89  225   53   90  217   66   32  660  180  168    0  503
   48   94  125  230   46  173   53  201   42   48  692  842   84  205    0
    0  804  599   65  130   72  215  108  212   98   52   63   79  278   54
  170    0  595  167  317   70   78   36  158   24   31  178   20  256   17
  393  236    0  502  597   32  243   82  171  169   26  176   48   49   74
  249  342  350    0  467   53  271   95  201   96   48  261   53   69  123
  108  544  496   62    0    8   44   30  206  133  100  227   60  106   28
  430 1196  323  323  230    0   31   54   33   94   65  262   37  309   22
  222  499  293  406  624   49    0   76  114  162  101   99   41  151   61
  360  314  342  272  508   41  235    0  161  121   54  111   33   39   22
  381  407  298  540  387   15  257   57    0   91   79   32   64  302   33
  376  759  299  424  620   35  173   44  165    0   39  250   95   67   85
  369  791  383  376  247   18  148   95  187  154    0  169   72  288   60
  359  780  249  206  421   43  116   47  111  122   12    0   43  248   78
   75  398  444   88  136   55  175   90  197  125   68  115    0   67   80
  434 1074  494  296  273   13  212   59   88  108   12  239   22    0  106
  407  293  459  236  109   67  156   38  168   27   73   76   19  156    0
    0  380  240  714  550  156  145   26   49   46   63   49   72   23   89
  253    0  192  671  483   75   37  185   47   43   38  132  116   47   41
  646  213    0  684  273  178   59   72   81   70  133   87   90   33  126
  616  476  602    0  433  163   61  158   68   36   21  156  154    7   40
  495  159  697  779    0  125   35  185   35   18   64  126   59   12   95
  329   86  788  796  384    0   86   66   59   53   54   57  245   50   56
  442  102  165  203  415   45    0   85   99   31   51  160   61   13   50
  857  359  369  441  533   40   27    0   43   67  117  124  138   19  102
 1086  106  404  387  128  130   38   33    0   41   50   57  224   50   61
  412  417  516  114  180   64  137  132  112    0   85  231   52    6  139
  828  426  217  328  495  123  136   31  106   60    0  101   44   47   77
  858  291  507  313  525  115   18   78   14   17   39    0  225   43  125
  212  202  224  220  147   41  130  156   60   43  104   80    0   31  127
 1047  468  445  699  562   52   81   24  104   38  109  226  109    0   38
  531  254  447  177  432   90  126   86   56   57   42  261   83   35    0
    0  669  367  378  189  252   60   11    9  166  159   43  102  104  211
  455    0   85   51  178  287   56   39   52  120  150   32  134  113  180
  180  209    0  368  302  292  210   92   71  232  110  189  171  158  204
  576  953  357    0  315   75   71   21   13  107  121  188  152  176   25
  193  879  528  163    0  109  256   84   65  199   77  170  117   74  120
  244  314  421  110  270    0   62   15   42   88  182   26  139  149  119
  689 1008   77  163  171   61    0  111   25   30   59   38   96   40   92
  551 1005  204  233  131   38  167    0   52   27  165  145   33  135  113
  423 1116  155  108  229  157  193  103    0  233   99   59  156  133  132
  635  701  261  226  128  272   95   53   63    0   74   75  160   26  191
  850  331  545  238  176  223  123  104   32  197    0  181  145   19  192
  457  893  586  141  104  115  185   70   17  234   70    0  112  138  121
  208  982  281   82  170  114   34   93   14  177   38  142    0  174   88
  266  768  408  147  306  252   33   19   65  168  175   83  176    0  218
  205  269  108  271  232   64  161   59   29  149   36   95  161   45    0
    0   27   78   24   83   72   42   83  124   89  840  574  480  384  531
   30    0  115   32  131   61   19  171   26   85  800  644  123  139  856
   83   82    0   86  170   35   56  139  138   58  709  992   56  120  970
   11   79   81    0   21   69   58   41   34   28  251  987   77  176  176
   11   83   32  113    0  101   46   57  136   38  266  215  340  130  296
   77   48   77   96  151    0   40  144   48   63  645  453  360  214  513
   21   87   61   58  118  115    0  228  124   74  253 1010  478  126  243
   28   23   32  111   71   44   49    0   16   82  410  307  286  346  730
   28   45  115   78   75   28   74  117    0   15  212  658  156  124  806
   36   29  124   72  122  138   69   42   73    0  177  492  297  290 1067
   49   68   93   37   27   78   77  164  133   82    0  350  405   83  838
   66   17   98   90   57   39   56  211   69   38  979    0  372  237 1038
   51   23   69  109  105   80   21  133   69   95  917  371    0  220  819
   59   67   51   89   35   90   63   48   25   83  119  654  498    0  348
   64   68   69   13   34   43   57  194  142   25  836  272  241  346    0
    0   83   43  169   88  151  189   79   12   12  181  368  545  481  607
   78    0   11   98   28  166  208   89   64   61  283  120  757  270   70
   47  150    0  141   31   34  101   50   12   41  356  197  490  832  280
   40  121   52    0  174  108  112  100   69    7  318  104  392  593  605
  131   74   20   26    0   96   89   43   45   35  313  216  898  849  285
  141  170   35   63   48    0   31  101   43   36  593  219  815  532  630
   56  129   48  165   79   94    0   31   79   55  460  643  547  548  442
  170   44   16   22   62  116  218    0   64   28  595   81  831  815  319
   58  102   29   57  126  104  187   42    0   31  562  449  326  184  187
  172  138   30   41  134   31  127  104   55    0  235  162  532  372  508
   77  119   26  139  128  114   99   68   53   18    0  363  268  763  666
   62   53   13   43   97  123   65  105   29   56  503    0  544  138  366
  129   67   18  106  146   28  216   81   77   10  433  662    0  449  434
  105  115   28   91   85   42   52   33   30   51  447  437  566    0  277
   29   25   45  122  169   74  109   67   45    7  253  188  863  290    0
    0   73  135   23   29  129  175  391  731  385  142   88  120  120  153
  109    0   37   27  106  446  618  559  660  209   52   23  122  123   85
  117   27    0   60  159  333  901  228  877  546  126   91   42  111  120
   91   28   24    0   47  422  152  502  455  460   41   71  127   22  167
   83   44   90   34    0  534  848  250  234   66   66  102   61   14  122
  105   16  161   37  235    0  670  377  795  428   96   50   36  119  175
  100   76  184   72   37  629    0  221  605  341  102  109  128   23   29
   27   46  109   44  105  172  167    0  265  101   82   89   72   50  156
   34   89   77   52  197  704  506  450    0  507   97   26  123  127   51
   33   17   56   56   85  604  678  629  712    0   52   57  109  114   59
   51   65  200   59   52  184  348  160  155  285    0   90   64   67  191
   65   57   65   31   83   90  666  531  754  536  125    0   38  108   83
  102   72   82   70  123  474  152  164  251  483   17   78    0   41   48
  107   33   74   16  260  392  745  234  571  125  130  100   71    0  135
   76   27  162   61   86  409  824  125  355  537  109   52   86  122    0
    0   78  164   53   38   66  358  337  739  579  249   22   42  167   61
  116    0  212   41   31  312  638  491  620  694  177   48  105  204  199
  105   50    0   26   59  481  172  390  221  828  120   38   57  124   53
   21   41  179    0   41  113  615   57  368  755  134   75  140  138   55
   74   79  115   25    0  123  301  408  595  349   48   43  108  176   44
   33   95   91   41   81    0  423  338  306  773  297   24  128  229  185
   98   80   92   53  113  334    0  214  867  770   81   18   84  209  125
   38   24  179   23  156  177  444    0  169  896  191   58  140   85   42
   71   75   58   70  114  126  584  237    0  647  259   34  124  127   40
   77   73  172   45  159  323  194  366  299    0  130   54   42  240  150
   41   69   62   12  118  419  251  155  834  584    0   32  179   96   98
  115   93   37   13  151  260  523  268  562  403  273    0   23  141  187
  103   16  186   22   60  244  549   83  338  478   77   56    0   60  125
  154   71  188   44   85  315  353  174  433  333  139   68  100    0  186
   42   37  117   83   37  269  298  271  630  249  193   23   54   60    0
    0   84  193   47  135  731  333  539  195  519   36   67   56   10  133
   12    0  146   66  128  147  105  302  130  200   23   27   37   77   23
   54   42    0   66  121  286  273  884  233  674   11  105   18   63  151
    9   45  194    0  181  465  799  723  563  439   43   90   73   60  134
   44  141   54   43    0  479  232  924  586  193   59   85   97   35   53
   25   39   64   19  137    0  555  109  525  701   59  109   84   22   28
   22  131   46   43  144  164    0  932  484  399   71   70   40   41   21
   27   61   63   17   72  303  832    0  215  134   47  100   26   37   81
   13  118  174   10   65  123  463  563    0  341   52  120  104    8   69
   10   23  157   22  143  400  909  341  159    0   76  136   87   16   57
   55  139   55   39  107  471  400  728  586   79    0   36  118   44   87
   10  116   31   68   70  664  431  405  580  567   18    0   81   11   83
   66   26  118   61   87  554  430  826  311  695   76  110    0   65   50
   33   99  127   26  113  322  826  425  626  130   55   23   36    0   24
   22   30  185   48  207  215  641  767  449  397   53  134   93   49    0
  943  972  692  501  775  518  752  960  950  966  667  846  833  843  733
