   15
   10
    10
    0  126   54  123  166   47  598  666  325  744   75  120  132  141   53
   17    0   49  112  112  130  592  332  643  476   58  203  107   34   87
   49  165    0   98  131   77  760  389 1087  679   65  193   56   41  126
   36  191  110    0  132  154  111  254  440  112   89  153   42  158   44
   12  118  121  143    0  134  768  309 1257  111  104  108  122   78   27
   30  116  130  113   19    0   93  488  489  192   50   84  106  136   70
    9  100  112  126  167  189    0  533  524  462   95  112   82  124   81
   25  160   31   78  143   52  419    0  233  440   45   70   84  104  119
   49  106  118  125   21  162  591  378    0  110   18   67  136   33   71
   25  158   16   76   65   72  258  402  444    0   99  169  121  159   59
   50   26  146  148  168   63  559  137  898  777    0  144  119  155   57
   38  134   50   88  126  200  216  221 1405  657   93    0   71  121   36
   43  171  137   58  167   22  760  370  572  106  125   87    0  110   67
   39  102   34   49  108  117  542  552  320  504   87   84   34    0  112
   16   71  144   99   28  172  342  600  922  126   31  209   65   70    0
    0   60   73  162  266  240  495  380  135  960   61  134  180  222  247
   66    0   51  113   82   37  711  106  286  674  231   47   42  103  271
   47    9    0   88   37  162  693  189  278  878  202  271  145   40  132
  108   22  250    0   91  110  320  149  176  568   30  189  119   72   69
   40   57   88   39    0   37 1046   78  321  420  221  106  169  164  139
  100   17  202  101   59    0  194  379  318  955   78   40  200  226  146
   40   54  186  202  192  244    0  264  255  729   68  250  235  192  168
   35   41  126   50   65  224  494    0  292  204   54   97  146  157   42
  152   26   63  129   54  188  152  165    0  126  261  307  205  151  107
   96   60  221  122  224  131  602  291  237    0  242   45   64  149   78
   66   71  119  170   73  108  820  245  290  505    0   82  221   50  242
   47   72  201  270  117  119  204  338   90  404  224    0   84  129  106
   75   30  144   78  247  228  683   71  247  713  111  285    0   51  123
  179   39  228  176  299  112  416   55  151  470  161   42  216    0  205
   75   58  141   57  289   87  371  179  278  692  173  314   87  215    0
    0   59   53   58   36  184  558  972  326  218   46  246  265   98   46
  156    0   19   89   40   87 1255  839   43  274   32  272  169  150   79
   68   30    0  297  100  104 1020  542  311  413  195   83  178  225  190
   71  142    7    0   70   55  181  251   64  103  118  146  188  202   68
  128   99   25   63    0  160  815 1034  203  451   75  111  271  134  127
   51  105   41   52   44    0  445  710   86  109   90  222   64  224  113
   57   27   66  289  100  213    0  604  231  296  109  237  198  241  110
  124   94   52   80   85  177  361    0  332  312  157  134  224  207   77
   49   58   30   62   94   72  373  239    0   86  168   40   50  219  107
  190   85   36  318   49   24  264  782  252    0  141   97  251  199   90
  152  137   38  325   83  167  803  433   51  343    0   46   51  117  136
  229  105   58   41   49  207 1188  765  180  122   66    0  168   94   76
  131   69   42  335   75   51 1505  138  261  254   95   88    0   45   54
   72   24   42  214   77   65  544  548  182  354  196  234   62    0   84
  124  127   42  258   80   90  274  250  257   85  195  124   86   61    0
    0  135  117  661  843   56  127  115   82   25    9  173   87   24  106
  328    0   81  812  172  118  139   38   73  162   71  117   95   32  164
   57  591    0  969  836   93   62  161   30  182   38   78   41   69   57
  186  465   81    0  697  188   64  117   46  106   17   20  150   55  167
  140  448  382  779    0  192   47   50   74   70   74   75   69   71  120
  357  303  226  795  963    0  101   49   68   78   40   32  113   26   95
   46  442   62  260  215  134    0  241   76  141   83   40   67   62   93
  209  267  129  413  567  102   64    0   49   98   74   72   70   73   74
  314  695   89  409  617  164  187   97    0   46   75  127  124   65  107
  135  132  448  264  714   76  126  177   64    0   13  166  124   32   25
  323  705  410  544  628   35  221  148   29   92    0   87  144   62   59
  250  182  373  189  987  119  163  148   76   55   89    0   53   57   36
  289  604  122  534  264   44  191  201   49  154   83  132    0   43  181
   77  440  357 1141  576   74  219  152   12   94   76  135   57    0  170
  340  286  363  294  600  182  103  137   71   80   89   99  135  111    0
    0  664  278  193   83  133   18   49   67  173  100   27   20   90  159
  565    0  210  439  297   52  111   44   93  142  141  125   72  135  106
  153  447    0  585  130   80   90   26   11  195   61  125   62  143   32
  913  532  355    0  216  108  112    9   55  104   74  112   64   93  104
  446 1060  536  510    0   50  102   47   43  186   88  247   39  118   68
  591  885  662  437  258    0   69   18   23  193  131  246   24  136  108
  267  132  522  341  337   26    0   42   67  137   54   48   43   51  150
  665  909  433  549  170   87   80    0   75   50  105   97   57   93   22
  870  841  612  395  285   29  161   56    0  121  113   95   76  106  148
  664  620  477   73  104  136   44   36   52    0   19   94   54  165   76
  562  577  274  182  117  145  150   13   15  109    0  165   20  181   59
  140  962  351  147  310   57   98   17   33   89  137    0   22   90   26
  243  158  152  196  161  168  110   12   53   77   86  240    0  169  143
  385  679  287  560  383  128  135    7   43   60   37   25   20    0  149
  810  485  359  174  159   29  159   48   45   96  112  189   76  198    0
    0  394  300  418  308  247  192  190  152   27  207  144  130   45   78
  272    0  361  399  916  102   66   36  170   71  201   87   28   29   96
  306  260    0  303  441  273   27  118   82   46  182  163   78   40   48
  226  544   68    0  744  110  214   88  159   45  233   77  135   73   40
  322  125  378  306    0   93  195   36   64   65   65   91  194   94   67
 1020  133  437  414  109    0  209  100  130   31  102   33  146   92   39
  274  287  202  124  446  161    0  152  127   39  230  100   78   20   41
  909  139  173  406  250  227   68    0   39   34  202   26   65   51   95
  235  302  176  191  827  212   50   72    0   81   63  130   56   83   64
 1076  587  186  202 1021   79  242  131  162    0   84   48  158   85   63
  215  340  168  141  561   76  239  109  185   30    0  145  156   80   50
 1090  200  295   77  821  118   60  149   29   74   34    0  157  100   80
  486  260  217  363  536  215  186  161   85   30   49   71    0   99   70
 1008  488  172  404  422  198  208  135   88   50  188  116   76    0   58
  322  192  463   83  239   79  138  219   75   21  108  142   61   20    0
    0  257  499  258  601  171  126  126   54  216  202  144   50  177   95
   32    0  230  451  518  116  127   63  141  206  137  104   16  113   51
  151  122    0 1074  626  113  155   77   82  178   49  181   48  172   63
  171  168  575    0  154  190   41  123   26  177   53   39   47  125   73
   76  687  434  717    0   44  167   96   63   95   25  141   68  107   59
  253  101  476  820  657    0  110  134   62  116   27  164   40  242   70
  283  662  588  198  306  114    0   16   65   31  114   85   30  225   99
  248  151  332  345  339  152  136    0   83   65   71  166   81  187   49
  296  510  382  290  320  132   29   32    0  272  145   28   67  167   40
  200  506  549  465  283   39  161  135  119    0   94   87   17  110   30
  188  648  473  852  556   67  171   17  154  220    0  185   80   62   53
   43  535  350  461  410  142  134   81  119  163  147    0   44   55   38
  193  615  375  859  678  107   17   27  135  249  163  136    0   75   98
  237  408  551  160  280  156   66   42  118  120   38   36   19    0   49
  141  381  164  417  449  167   34  103   24   53   23   53   38  267    0
    0  119   64  134   55  114  111  105   61   58  357  346 1089  409  328
   97    0  200   85  126   95   39  113  198  114  479  496  347  239  178
   58   61    0  179  248   52   51   42  128  157  188  359  828  244  400
   86  160  243    0   55   50   41   49   74  104  435  335  211  120  553
   55   17  197  114    0   15   98   72  122   51  276  285  405  186  364
   17   78  212  116  123    0   24   21  158  172  310  490  245  359  545
   80   66   71   49  191  118    0  101  109   94  218  214  342  414  116
   22   57  120  138  181   22   67    0  104  154  491  385  219  373  233
   76   90  104  169  160   34   60   25    0  123  147  237  927  209  126
  108   75  180  113  199   14   65   87  211    0  353  350 1054  329  314
   79  105   61  135   78   32   22   18  176   36    0   59  881  438  381
   65  123  208   36   66   81   37   84  201  166  469    0 1141  407  254
   25   74  234  154  244  130   32   77  127  158  482  275    0  418  115
   83   44  103   76  134   67   91  118   46  143  338  145 1293    0  145
   67  128   48   48  260  139   19   34  153   74  484  188 1260  299    0
    0   25  115   98   44  139  973  234  348   23  207   53   23   93   57
   46    0   84  112   53  223  318  937  286   18  232   30   20   77   76
  184  166    0   86   68  153  550  797 1002  128   45   56  152  131   33
  197  171  148    0   68  179  517  129  874   22  197   56   67   33  125
   90  167   28   28    0   64  956  915  777   75   47   72  146   21  211
  138  130  106   94   53    0  281  964  537   50  234   40   54   73  137
  150   78   38   55   97  205    0  864  913   73  233   59   60   87  142
   94   85  110  121   71  134  640    0  495   95   91   14  107   30  136
  187   25   90  124   80  119  136  587    0   93   39   62  134   98  181
   59  163   98   60   26  109  790  571  967    0   36   42   36   51  172
  183   18  185   67   71  242  660  142  467   30    0   54   34   50   82
  207   43  177  120   96  254  235  549  289   81  202    0   90   53  114
  158  121  170  109   56   47  662  735 1009   35   26   36    0   66   78
  146   49  116   22   16   98  462  943  491   45  127   17   30    0  158
   55   55   96   20   59  232  426  490  986   64   92   73  108  134    0
    0   68   69  140   20  611  724  807  512  123   20   56  131   27   66
   70    0  143  151   31  183  593  337  680   47   42  126   94   47   72
  144  121    0  150   16  666  124  555  955   81   24  128   31  101   52
   58   36   82    0   10  556  727  820  656  171   14   67   20   50   26
  141   51   64  137    0  211  200  501  310  163   18   97   97  115   72
   26  159   70  141   19    0  683  866  633   77   18   28  148  163   60
  194  113   26   97   27  769    0  924  673  163   21  113   30  133   26
   42  136   55  131   39  667  704    0  194  100   38   79  125   96   25
  128   89  125   34   28  755  607  169    0   77   35  141  120   50   23
  168   87  149  125   31  711  635  134  721    0   42   95  111   57   32
  156  145  111  143   26  199  648  565  675   34    0  141   41   26   37
  205  157   60  100   10  450   99  913  700  171   20    0   35  127   13
  170   98   86  141   33  140  188  484  354  119   48  135    0   65   13
  154   86   56   37   28  756  150  919  157   52   44   40   16    0   36
   37   64   31   55   26   99  465  331  788   58   39  101  101  159    0
  723  627  761  646  635  650  682  990  816  577  535  710  806  691  765
