--- 0.0 seconds ---
len of flowcost =  60
[898, 911, 627, 538, 738, 977]
[[0, 90, 689, 194, 165, 494], [668, 0, 1324, 811, 241, 206], [631, 387, 0, 125, 281, 375], [80, 495, 615, 0, 222, 221], [276, 204, 1127, 490, 0, 676], [109, 409, 1780, 394, 200, 0], [0, 257, 1632, 330, 117, 285], [159, 0, 1309, 297, 803, 404], [98, 82, 0, 271, 222, 383], [110, 404, 1174, 0, 750, 386], [73, 507, 1679, 190, 0, 107], [152, 487, 355, 646, 315, 0], [0, 1112, 505, 422, 414, 132], [627, 0, 560, 99, 227, 86], [373, 2007, 0, 235, 384, 205], [482, 1638, 262, 0, 233, 129], [223, 1196, 520, 55, 0, 75], [200, 782, 271, 292, 235, 0], [0, 1348, 490, 447, 186, 169], [625, 0, 74, 307, 777, 326], [114, 1645, 0, 288, 975, 68], [156, 578, 447, 0, 554, 212], [353, 732, 118, 373, 0, 283], [328, 1071, 387, 352, 199, 0], [0, 159, 1103, 218, 297, 95], [631, 0, 1618, 95, 253, 109], [552, 213, 0, 432, 397, 141], [418, 122, 797, 0, 108, 495], [115, 154, 1610, 425, 0, 158], [167, 214, 2092, 471, 323, 0], [0, 191, 1623, 264, 433, 90], [422, 0, 455, 240, 101, 418], [269, 127, 0, 131, 339, 584], [275, 272, 834, 0, 477, 551], [434, 326, 1526, 810, 0, 569], [276, 327, 1040, 245, 331, 0], [0, 315, 456, 2340, 187, 73], [581, 0, 195, 2370, 162, 207], [431, 179, 0, 1090, 233, 248], [301, 58, 56, 0, 124, 170], [173, 286, 396, 575, 0, 189], [123, 159, 143, 1753, 411, 0], [0, 375, 319, 558, 745, 183], [703, 0, 209, 789, 428, 502], [496, 234, 0, 481, 109, 508], [237, 1008, 439, 0, 508, 451], [533, 848, 394, 570, 0, 96], [288, 202, 386, 729, 653, 0], [0, 191, 390, 239, 215, 107], [1868, 0, 126, 448, 271, 108], [1870, 121, 0, 116, 256, 19], [517, 249, 574, 0, 168, 111], [1701, 172, 249, 457, 0, 91], [1761, 317, 482, 471, 318, 0], [0, 379, 141, 116, 321, 39], [1167, 0, 194, 186, 434, 224], [1399, 99, 0, 498, 247, 205], [1718, 289, 308, 0, 281, 86], [2474, 127, 122, 180, 0, 51], [1466, 117, 142, 568, 404, 0]]
10
[271093, 271100, 261301]
[[3, 2, 5, 6, 1, 4], [2, 1, 6, 5, 4, 3], [5, 2, 6, 3, 1, 4], [4, 6, 2, 3, 1, 5], [5, 6, 3, 1, 4, 2], [5, 4, 2, 3, 1, 6], [2, 1, 6, 4, 5, 3], [3, 1, 5, 2, 6, 4], [3, 4, 6, 1, 2, 5], [3, 2, 5, 1, 4, 6]]
[[5, 3, 6, 4, 2, 1], [6, 5, 2, 1, 3, 4], [6, 3, 1, 4, 5, 2], [5, 1, 2, 3, 4, 6], [1, 5, 4, 3, 6, 2], [3, 6, 5, 4, 2, 1], [1, 6, 2, 4, 5, 3], [6, 4, 3, 5, 1, 2], [1, 3, 5, 4, 6, 2], [2, 3, 5, 6, 4, 1]]
[[4, 2, 1, 5, 6, 3], [3, 6, 2, 4, 5, 1], [2, 6, 3, 4, 5, 1], [2, 3, 1, 6, 5, 4], [5, 4, 3, 2, 6, 1], [4, 3, 2, 5, 6, 1], [2, 4, 6, 1, 5, 3], [3, 4, 2, 5, 6, 1], [3, 4, 2, 5, 6, 1], [1, 4, 2, 5, 3, 6]]
N =  6
N =  6
N =  6
N =  6
N =  6
N =  6
N =  6
N =  6
N =  6
N =  6
N =  6
N =  6
N =  6
N =  6
N =  6
N =  6
N =  6
N =  6
N =  6
N =  6
N =  6
N =  6
N =  6
N =  6
N =  6
N =  6
N =  6
N =  6
N =  6
N =  6
N =  6
N =  6
N =  6
N =  6
N =  6
N =  6
N =  6
N =  6
N =  6
N =  6
N =  6
N =  6
N =  6
N =  6
N =  6
N =  6
N =  6
N =  6
N =  6
N =  6
N =  6
N =  6
N =  6
N =  6
N =  6
N =  6
N =  6
N =  6
N =  6
N =  6
N =  6
N =  6
N =  6
N =  6
N =  6
N =  6
N =  6
N =  6
N =  6
N =  6
N =  6
N =  6
N =  6
N =  6
N =  6
N =  6
N =  6
N =  6
N =  6
N =  6
N =  6
N =  6
N =  6
N =  6
N =  6
N =  6
N =  6
N =  6
N =  6
N =  6
N =  6
N =  6
N =  6
N =  6
N =  6
N =  6
N =  6
N =  6
N =  6
N =  6
N =  6
N =  6
N =  6
N =  6
N =  6
N =  6
N =  6
N =  6
N =  6
N =  6
N =  6
N =  6
N =  6
N =  6
N =  6
N =  6
N =  6
N =  6
N =  6
Onwall= 7	Dec = 3	Syn = 34	Intermolecular = 36

Final Sequence:
[[4, 2, 1, 6, 3, 5], [3, 5, 2, 1, 4, 6], [2, 6, 1, 4, 3, 5], [2, 3, 1, 6, 4, 5], [5, 3, 6, 2, 1, 4], [4, 3, 2, 1, 5, 6], [2, 6, 3, 1, 4, 5], [3, 4, 2, 1, 6, 5], [3, 4, 5, 1, 2, 6], [1, 2, 5, 6, 3, 4]]
Final Cost: 258222
--- 0.0 seconds ---
##################################################
--- 0.0 seconds ---
len of flowcost =  60
[898, 911, 627, 538, 738, 977]
[[0, 90, 689, 194, 165, 494], [668, 0, 1324, 811, 241, 206], [631, 387, 0, 125, 281, 375], [80, 495, 615, 0, 222, 221], [276, 204, 1127, 490, 0, 676], [109, 409, 1780, 394, 200, 0], [0, 257, 1632, 330, 117, 285], [159, 0, 1309, 297, 803, 404], [98, 82, 0, 271, 222, 383], [110, 404, 1174, 0, 750, 386], [73, 507, 1679, 190, 0, 107], [152, 487, 355, 646, 315, 0], [0, 1112, 505, 422, 414, 132], [627, 0, 560, 99, 227, 86], [373, 2007, 0, 235, 384, 205], [482, 1638, 262, 0, 233, 129], [223, 1196, 520, 55, 0, 75], [200, 782, 271, 292, 235, 0], [0, 1348, 490, 447, 186, 169], [625, 0, 74, 307, 777, 326], [114, 1645, 0, 288, 975, 68], [156, 578, 447, 0, 554, 212], [353, 732, 118, 373, 0, 283], [328, 1071, 387, 352, 199, 0], [0, 159, 1103, 218, 297, 95], [631, 0, 1618, 95, 253, 109], [552, 213, 0, 432, 397, 141], [418, 122, 797, 0, 108, 495], [115, 154, 1610, 425, 0, 158], [167, 214, 2092, 471, 323, 0], [0, 191, 1623, 264, 433, 90], [422, 0, 455, 240, 101, 418], [269, 127, 0, 131, 339, 584], [275, 272, 834, 0, 477, 551], [434, 326, 1526, 810, 0, 569], [276, 327, 1040, 245, 331, 0], [0, 315, 456, 2340, 187, 73], [581, 0, 195, 2370, 162, 207], [431, 179, 0, 1090, 233, 248], [301, 58, 56, 0, 124, 170], [173, 286, 396, 575, 0, 189], [123, 159, 143, 1753, 411, 0], [0, 375, 319, 558, 745, 183], [703, 0, 209, 789, 428, 502], [496, 234, 0, 481, 109, 508], [237, 1008, 439, 0, 508, 451], [533, 848, 394, 570, 0, 96], [288, 202, 386, 729, 653, 0], [0, 191, 390, 239, 215, 107], [1868, 0, 126, 448, 271, 108], [1870, 121, 0, 116, 256, 19], [517, 249, 574, 0, 168, 111], [1701, 172, 249, 457, 0, 91], [1761, 317, 482, 471, 318, 0], [0, 379, 141, 116, 321, 39], [1167, 0, 194, 186, 434, 224], [1399, 99, 0, 498, 247, 205], [1718, 289, 308, 0, 281, 86], [2474, 127, 122, 180, 0, 51], [1466, 117, 142, 568, 404, 0]]
10
[266851, 262894, 268803]
[[5, 1, 6, 4, 2, 3], [4, 1, 5, 3, 6, 2], [5, 4, 6, 3, 1, 2], [5, 4, 6, 3, 1, 2], [3, 4, 2, 6, 5, 1], [4, 1, 6, 3, 5, 2], [3, 2, 5, 4, 1, 6], [6, 4, 3, 1, 2, 5], [4, 6, 5, 1, 2, 3], [4, 5, 6, 1, 2, 3]]
[[6, 5, 3, 2, 4, 1], [3, 5, 4, 2, 6, 1], [3, 4, 1, 6, 2, 5], [1, 2, 5, 4, 6, 3], [1, 3, 4, 5, 6, 2], [2, 3, 4, 5, 6, 1], [2, 4, 1, 6, 3, 5], [5, 3, 6, 2, 1, 4], [1, 5, 2, 6, 4, 3], [3, 5, 2, 1, 4, 6]]
[[6, 4, 5, 2, 1, 3], [5, 3, 6, 4, 1, 2], [4, 2, 1, 3, 5, 6], [4, 3, 1, 6, 5, 2], [3, 5, 2, 4, 1, 6], [5, 1, 2, 6, 4, 3], [6, 4, 1, 2, 5, 3], [5, 6, 4, 1, 3, 2], [5, 2, 1, 4, 6, 3], [5, 3, 2, 1, 6, 4]]
N =  6
N =  6
N =  6
N =  6
N =  6
N =  6
N =  6
N =  6
N =  6
N =  6
N =  6
N =  6
N =  6
N =  6
N =  6
N =  6
N =  6
N =  6
N =  6
N =  6
N =  6
N =  6
N =  6
N =  6
N =  6
N =  6
N =  6
N =  6
N =  6
N =  6
N =  6
N =  6
N =  6
N =  6
N =  6
N =  6
N =  6
N =  6
N =  6
N =  6
N =  6
N =  6
N =  6
N =  6
N =  6
N =  6
N =  6
N =  6
N =  6
N =  6
N =  6
N =  6
N =  6
N =  6
N =  6
N =  6
N =  6
N =  6
N =  6
N =  6
N =  6
N =  6
N =  6
N =  6
N =  6
N =  6
N =  6
N =  6
N =  6
N =  6
N =  6
N =  6
N =  6
N =  6
N =  6
N =  6
N =  6
N =  6
N =  6
N =  6
N =  6
N =  6
N =  6
N =  6
N =  6
N =  6
N =  6
N =  6
N =  6
N =  6
N =  6
N =  6
N =  6
N =  6
N =  6
N =  6
N =  6
N =  6
N =  6
N =  6
N =  6
N =  6
N =  6
N =  6
N =  6
N =  6
N =  6
N =  6
N =  6
N =  6
N =  6
N =  6
N =  6
N =  6
N =  6
N =  6
N =  6
N =  6
N =  6
N =  6
N =  6
N =  6
N =  6
N =  6
Onwall= 3	Dec = 4	Syn = 33	Intermolecular = 40

Final Sequence:
[[5, 6, 4, 1, 3, 2], [1, 2, 4, 5, 3, 6], [3, 2, 1, 6, 5, 4], [5, 4, 6, 1, 2, 3], [3, 6, 4, 1, 5, 2], [1, 5, 6, 4, 3, 2], [6, 4, 1, 5, 3, 2], [5, 6, 4, 1, 3, 2], [5, 3, 4, 6, 1, 2], [4, 6, 1, 2, 5, 3]]
Final Cost: 255446
--- 0.0 seconds ---
##################################################
--- 0.0 seconds ---
len of flowcost =  60
[898, 911, 627, 538, 738, 977]
[[0, 90, 689, 194, 165, 494], [668, 0, 1324, 811, 241, 206], [631, 387, 0, 125, 281, 375], [80, 495, 615, 0, 222, 221], [276, 204, 1127, 490, 0, 676], [109, 409, 1780, 394, 200, 0], [0, 257, 1632, 330, 117, 285], [159, 0, 1309, 297, 803, 404], [98, 82, 0, 271, 222, 383], [110, 404, 1174, 0, 750, 386], [73, 507, 1679, 190, 0, 107], [152, 487, 355, 646, 315, 0], [0, 1112, 505, 422, 414, 132], [627, 0, 560, 99, 227, 86], [373, 2007, 0, 235, 384, 205], [482, 1638, 262, 0, 233, 129], [223, 1196, 520, 55, 0, 75], [200, 782, 271, 292, 235, 0], [0, 1348, 490, 447, 186, 169], [625, 0, 74, 307, 777, 326], [114, 1645, 0, 288, 975, 68], [156, 578, 447, 0, 554, 212], [353, 732, 118, 373, 0, 283], [328, 1071, 387, 352, 199, 0], [0, 159, 1103, 218, 297, 95], [631, 0, 1618, 95, 253, 109], [552, 213, 0, 432, 397, 141], [418, 122, 797, 0, 108, 495], [115, 154, 1610, 425, 0, 158], [167, 214, 2092, 471, 323, 0], [0, 191, 1623, 264, 433, 90], [422, 0, 455, 240, 101, 418], [269, 127, 0, 131, 339, 584], [275, 272, 834, 0, 477, 551], [434, 326, 1526, 810, 0, 569], [276, 327, 1040, 245, 331, 0], [0, 315, 456, 2340, 187, 73], [581, 0, 195, 2370, 162, 207], [431, 179, 0, 1090, 233, 248], [301, 58, 56, 0, 124, 170], [173, 286, 396, 575, 0, 189], [123, 159, 143, 1753, 411, 0], [0, 375, 319, 558, 745, 183], [703, 0, 209, 789, 428, 502], [496, 234, 0, 481, 109, 508], [237, 1008, 439, 0, 508, 451], [533, 848, 394, 570, 0, 96], [288, 202, 386, 729, 653, 0], [0, 191, 390, 239, 215, 107], [1868, 0, 126, 448, 271, 108], [1870, 121, 0, 116, 256, 19], [517, 249, 574, 0, 168, 111], [1701, 172, 249, 457, 0, 91], [1761, 317, 482, 471, 318, 0], [0, 379, 141, 116, 321, 39], [1167, 0, 194, 186, 434, 224], [1399, 99, 0, 498, 247, 205], [1718, 289, 308, 0, 281, 86], [2474, 127, 122, 180, 0, 51], [1466, 117, 142, 568, 404, 0]]
10
[268766, 270699, 269178]
[[5, 4, 3, 6, 2, 1], [5, 6, 3, 4, 1, 2], [1, 6, 3, 4, 2, 5], [1, 4, 6, 3, 2, 5], [4, 5, 3, 2, 6, 1], [3, 1, 4, 2, 6, 5], [1, 2, 3, 5, 4, 6], [3, 5, 4, 2, 6, 1], [4, 3, 5, 2, 1, 6], [6, 3, 1, 2, 5, 4]]
[[2, 5, 3, 1, 4, 6], [4, 1, 5, 3, 6, 2], [1, 5, 4, 6, 2, 3], [2, 3, 1, 6, 5, 4], [3, 4, 5, 6, 1, 2], [3, 6, 2, 5, 4, 1], [6, 4, 3, 5, 1, 2], [3, 6, 5, 2, 4, 1], [5, 6, 1, 3, 2, 4], [1, 5, 2, 3, 6, 4]]
[[1, 3, 2, 4, 6, 5], [1, 2, 6, 4, 5, 3], [5, 4, 6, 1, 3, 2], [6, 1, 5, 3, 4, 2], [5, 6, 3, 4, 2, 1], [2, 5, 3, 6, 4, 1], [1, 3, 2, 4, 6, 5], [3, 2, 5, 6, 4, 1], [4, 1, 6, 3, 2, 5], [1, 5, 2, 3, 6, 4]]
N =  6
N =  6
N =  6
N =  6
N =  6
N =  6
N =  6
N =  6
N =  6
N =  6
N =  6
N =  6
N =  6
N =  6
N =  6
N =  6
N =  6
N =  6
N =  6
N =  6
N =  6
N =  6
N =  6
N =  6
N =  6
N =  6
N =  6
N =  6
N =  6
N =  6
N =  6
N =  6
N =  6
N =  6
N =  6
N =  6
N =  6
N =  6
N =  6
N =  6
N =  6
N =  6
N =  6
N =  6
N =  6
N =  6
N =  6
N =  6
N =  6
N =  6
N =  6
N =  6
N =  6
N =  6
N =  6
N =  6
N =  6
N =  6
N =  6
N =  6
N =  6
N =  6
N =  6
N =  6
N =  6
N =  6
N =  6
N =  6
N =  6
N =  6
N =  6
N =  6
N =  6
N =  6
N =  6
N =  6
N =  6
N =  6
N =  6
N =  6
N =  6
N =  6
N =  6
N =  6
N =  6
N =  6
N =  6
N =  6
N =  6
N =  6
N =  6
N =  6
N =  6
N =  6
N =  6
N =  6
N =  6
N =  6
N =  6
N =  6
N =  6
N =  6
N =  6
N =  6
N =  6
N =  6
N =  6
N =  6
N =  6
N =  6
N =  6
N =  6
N =  6
Onwall= 4	Dec = 2	Syn = 43	Intermolecular = 31

Final Sequence:
[[2, 6, 3, 1, 4, 5], [5, 1, 3, 6, 2, 4], [1, 5, 3, 4, 2, 6], [1, 3, 6, 5, 4, 2], [3, 1, 2, 5, 6, 4], [3, 6, 2, 5, 4, 1], [1, 4, 3, 5, 2, 6], [3, 5, 2, 4, 1, 6], [5, 3, 2, 6, 1, 4], [1, 5, 2, 6, 4, 3]]
Final Cost: 261263
--- 0.0 seconds ---
##################################################

--- 0.0 seconds ---
len of flowcost =  60
[898, 911, 627, 538, 738, 977]
[[0, 90, 689, 194, 165, 494], [668, 0, 1324, 811, 241, 206], [631, 387, 0, 125, 281, 375], [80, 495, 615, 0, 222, 221], [276, 204, 1127, 490, 0, 676], [109, 409, 1780, 394, 200, 0], [0, 257, 1632, 330, 117, 285], [159, 0, 1309, 297, 803, 404], [98, 82, 0, 271, 222, 383], [110, 404, 1174, 0, 750, 386], [73, 507, 1679, 190, 0, 107], [152, 487, 355, 646, 315, 0], [0, 1112, 505, 422, 414, 132], [627, 0, 560, 99, 227, 86], [373, 2007, 0, 235, 384, 205], [482, 1638, 262, 0, 233, 129], [223, 1196, 520, 55, 0, 75], [200, 782, 271, 292, 235, 0], [0, 1348, 490, 447, 186, 169], [625, 0, 74, 307, 777, 326], [114, 1645, 0, 288, 975, 68], [156, 578, 447, 0, 554, 212], [353, 732, 118, 373, 0, 283], [328, 1071, 387, 352, 199, 0], [0, 159, 1103, 218, 297, 95], [631, 0, 1618, 95, 253, 109], [552, 213, 0, 432, 397, 141], [418, 122, 797, 0, 108, 495], [115, 154, 1610, 425, 0, 158], [167, 214, 2092, 471, 323, 0], [0, 191, 1623, 264, 433, 90], [422, 0, 455, 240, 101, 418], [269, 127, 0, 131, 339, 584], [275, 272, 834, 0, 477, 551], [434, 326, 1526, 810, 0, 569], [276, 327, 1040, 245, 331, 0], [0, 315, 456, 2340, 187, 73], [581, 0, 195, 2370, 162, 207], [431, 179, 0, 1090, 233, 248], [301, 58, 56, 0, 124, 170], [173, 286, 396, 575, 0, 189], [123, 159, 143, 1753, 411, 0], [0, 375, 319, 558, 745, 183], [703, 0, 209, 789, 428, 502], [496, 234, 0, 481, 109, 508], [237, 1008, 439, 0, 508, 451], [533, 848, 394, 570, 0, 96], [288, 202, 386, 729, 653, 0], [0, 191, 390, 239, 215, 107], [1868, 0, 126, 448, 271, 108], [1870, 121, 0, 116, 256, 19], [517, 249, 574, 0, 168, 111], [1701, 172, 249, 457, 0, 91], [1761, 317, 482, 471, 318, 0], [0, 379, 141, 116, 321, 39], [1167, 0, 194, 186, 434, 224], [1399, 99, 0, 498, 247, 205], [1718, 289, 308, 0, 281, 86], [2474, 127, 122, 180, 0, 51], [1466, 117, 142, 568, 404, 0]]
10
[262987, 278077, 272981]
[[1, 6, 3, 5, 4, 2], [3, 1, 4, 5, 6, 2], [5, 6, 4, 3, 1, 2], [5, 1, 6, 3, 4, 2], [4, 1, 2, 6, 5, 3], [3, 4, 6, 5, 1, 2], [2, 4, 1, 6, 5, 3], [3, 2, 6, 5, 1, 4], [6, 5, 1, 4, 2, 3], [4, 1, 3, 5, 2, 6]]
[[4, 3, 1, 6, 5, 2], [1, 4, 5, 3, 2, 6], [4, 6, 1, 2, 5, 3], [5, 4, 3, 1, 2, 6], [4, 6, 2, 3, 5, 1], [3, 5, 6, 1, 2, 4], [2, 6, 1, 4, 3, 5], [4, 5, 3, 2, 6, 1], [2, 5, 6, 3, 4, 1], [1, 4, 2, 5, 3, 6]]
[[2, 6, 4, 3, 5, 1], [5, 3, 4, 1, 6, 2], [1, 3, 4, 6, 5, 2], [3, 6, 2, 1, 5, 4], [5, 2, 6, 3, 1, 4], [6, 4, 3, 2, 5, 1], [4, 2, 1, 5, 6, 3], [5, 6, 4, 1, 3, 2], [6, 5, 3, 4, 2, 1], [4, 6, 5, 2, 1, 3]]
N =  6
N =  6
N =  6
N =  6
N =  6
N =  6
N =  6
N =  6
N =  6
N =  6
N =  6
N =  6
N =  6
N =  6
N =  6
N =  6
N =  6
N =  6
N =  6
N =  6
N =  6
N =  6
N =  6
N =  6
N =  6
N =  6
N =  6
N =  6
N =  6
N =  6
N =  6
N =  6
N =  6
N =  6
N =  6
N =  6
N =  6
N =  6
N =  6
N =  6
N =  6
N =  6
N =  6
N =  6
N =  6
N =  6
N =  6
N =  6
N =  6
N =  6
N =  6
N =  6
N =  6
N =  6
N =  6
N =  6
N =  6
N =  6
N =  6
N =  6
N =  6
N =  6
N =  6
N =  6
N =  6
N =  6
N =  6
N =  6
N =  6
N =  6
N =  6
N =  6
N =  6
N =  6
N =  6
N =  6
N =  6
N =  6
N =  6
N =  6
N =  6
N =  6
N =  6
N =  6
N =  6
N =  6
N =  6
N =  6
N =  6
N =  6
N =  6
N =  6
N =  6
N =  6
N =  6
N =  6
N =  6
N =  6
N =  6
N =  6
N =  6
N =  6
N =  6
N =  6
N =  6
N =  6
N =  6
N =  6
N =  6
N =  6
N =  6
N =  6
Onwall= 5	Dec = 1	Syn = 43	Intermolecular = 31

Final Sequence:
[[2, 6, 4, 3, 1, 5], [1, 3, 4, 6, 2, 5], [1, 3, 4, 6, 2, 5], [5, 4, 2, 1, 6, 3], [4, 6, 2, 3, 5, 1], [6, 4, 3, 2, 5, 1], [2, 6, 1, 5, 3, 4], [4, 5, 1, 6, 2, 3], [6, 5, 4, 1, 2, 3], [4, 6, 5, 2, 1, 3]]
Final Cost: 261010
--- 0.0 seconds ---
##################################################
--- 0.0 seconds ---
[[0, 90, 689, 194, 165, 494], [668, 0, 1324, 811, 241, 206], [631, 387, 0, 125, 281, 375], [80, 495, 615, 0, 222, 221], [276, 204, 1127, 490, 0, 676], [109, 409, 1780, 394, 200, 0], [0, 257, 1632, 330, 117, 285], [159, 0, 1309, 297, 803, 404], [98, 82, 0, 271, 222, 383], [110, 404, 1174, 0, 750, 386], [73, 507, 1679, 190, 0, 107], [152, 487, 355, 646, 315, 0], [0, 1112, 505, 422, 414, 132], [627, 0, 560, 99, 227, 86], [373, 2007, 0, 235, 384, 205], [482, 1638, 262, 0, 233, 129], [223, 1196, 520, 55, 0, 75], [200, 782, 271, 292, 235, 0], [0, 1348, 490, 447, 186, 169], [625, 0, 74, 307, 777, 326], [114, 1645, 0, 288, 975, 68], [156, 578, 447, 0, 554, 212], [353, 732, 118, 373, 0, 283], [328, 1071, 387, 352, 199, 0], [0, 159, 1103, 218, 297, 95], [631, 0, 1618, 95, 253, 109], [552, 213, 0, 432, 397, 141], [418, 122, 797, 0, 108, 495], [115, 154, 1610, 425, 0, 158], [167, 214, 2092, 471, 323, 0], [0, 191, 1623, 264, 433, 90], [422, 0, 455, 240, 101, 418], [269, 127, 0, 131, 339, 584], [275, 272, 834, 0, 477, 551], [434, 326, 1526, 810, 0, 569], [276, 327, 1040, 245, 331, 0], [0, 315, 456, 2340, 187, 73], [581, 0, 195, 2370, 162, 207], [431, 179, 0, 1090, 233, 248], [301, 58, 56, 0, 124, 170], [173, 286, 396, 575, 0, 189], [123, 159, 143, 1753, 411, 0], [0, 375, 319, 558, 745, 183], [703, 0, 209, 789, 428, 502], [496, 234, 0, 481, 109, 508], [237, 1008, 439, 0, 508, 451], [533, 848, 394, 570, 0, 96], [288, 202, 386, 729, 653, 0], [0, 191, 390, 239, 215, 107], [1868, 0, 126, 448, 271, 108], [1870, 121, 0, 116, 256, 19], [517, 249, 574, 0, 168, 111], [1701, 172, 249, 457, 0, 91], [1761, 317, 482, 471, 318, 0], [0, 379, 141, 116, 321, 39], [1167, 0, 194, 186, 434, 224], [1399, 99, 0, 498, 247, 205], [1718, 289, 308, 0, 281, 86], [2474, 127, 122, 180, 0, 51], [1466, 117, 142, 568, 404, 0]]
10
[265660, 271549, 262114]
[[2, 5, 6, 1, 4, 3], [3, 1, 6, 5, 2, 4], [3, 6, 2, 5, 1, 4], [3, 1, 4, 5, 2, 6], [3, 6, 1, 5, 2, 4], [6, 5, 2, 1, 3, 4], [4, 2, 1, 5, 6, 3], [4, 5, 6, 3, 1, 2], [3, 4, 6, 5, 2, 1], [1, 6, 4, 5, 3, 2]]
[[1, 3, 4, 5, 2, 6], [3, 1, 4, 5, 6, 2], [1, 2, 5, 3, 6, 4], [1, 3, 4, 6, 5, 2], [6, 5, 2, 1, 4, 3], [6, 1, 4, 3, 5, 2], [3, 2, 6, 1, 5, 4], [4, 2, 1, 6, 3, 5], [5, 2, 6, 3, 1, 4], [4, 5, 1, 3, 2, 6]]
[[1, 4, 2, 5, 3, 6], [5, 4, 6, 2, 1, 3], [4, 5, 1, 6, 2, 3], [5, 2, 1, 6, 3, 4], [4, 5, 1, 3, 6, 2], [4, 5, 2, 6, 3, 1], [2, 6, 3, 1, 4, 5], [6, 2, 4, 3, 1, 5], [4, 6, 1, 2, 3, 5], [1, 2, 5, 6, 3, 4]]
--- 0.0 seconds ---
10
[257549, 268548, 268405]
[[5, 3, 1, 4, 2, 6], [6, 4, 2, 3, 1, 5], [5, 3, 4, 1, 2, 6], [2, 3, 4, 5, 1, 6], [1, 6, 2, 5, 3, 4], [4, 3, 6, 5, 1, 2], [3, 4, 1, 2, 6, 5], [6, 1, 5, 3, 2, 4], [6, 2, 5, 4, 1, 3], [3, 6, 5, 4, 1, 2]]
[[4, 6, 3, 5, 1, 2], [1, 6, 4, 3, 5, 2], [2, 3, 6, 1, 4, 5], [3, 4, 2, 1, 6, 5], [2, 6, 3, 5, 4, 1], [6, 1, 4, 3, 2, 5], [2, 4, 5, 6, 3, 1], [5, 2, 3, 1, 6, 4], [3, 1, 2, 4, 6, 5], [6, 1, 2, 5, 4, 3]]
[[5, 1, 6, 3, 2, 4], [3, 5, 1, 6, 4, 2], [3, 2, 4, 1, 5, 6], [4, 2, 5, 1, 3, 6], [2, 5, 1, 3, 6, 4], [1, 5, 4, 6, 3, 2], [5, 6, 2, 4, 3, 1], [5, 1, 6, 4, 2, 3], [6, 2, 3, 1, 5, 4], [2, 4, 5, 3, 1, 6]]
N =  6
N =  6
N =  6
N =  6
N =  6
N =  6
N =  6
N =  6
N =  6
N =  6
N =  6
N =  6
N =  6
N =  6
N =  6
N =  6
N =  6
N =  6
N =  6
N =  6
N =  6
N =  6
N =  6
N =  6
N =  6
N =  6
N =  6
N =  6
N =  6
N =  6
N =  6
N =  6
N =  6
N =  6
N =  6
N =  6
N =  6
N =  6
N =  6
N =  6
N =  6
N =  6
N =  6
N =  6
N =  6
N =  6
N =  6
N =  6
N =  6
N =  6
N =  6
N =  6
N =  6
N =  6
N =  6
N =  6
N =  6
N =  6
N =  6
N =  6
N =  6
N =  6
N =  6
N =  6
N =  6
N =  6
N =  6
N =  6
N =  6
N =  6
N =  6
N =  6
N =  6
N =  6
N =  6
N =  6
N =  6
N =  6
N =  6
N =  6
N =  6
N =  6
N =  6
N =  6
N =  6
N =  6
N =  6
N =  6
N =  6
N =  6
N =  6
N =  6
N =  6
N =  6
N =  6
N =  6
N =  6
N =  6
N =  6
N =  6
N =  6
N =  6
N =  6
N =  6
N =  6
N =  6
N =  6
N =  6
Onwall= 4	Dec = 4	Syn = 48	Intermolecular = 24

Final Sequence:
[[1, 2, 3, 4, 5, 6], [4, 5, 2, 6, 1, 3], [4, 2, 3, 6, 1, 5], [3, 2, 5, 1, 4, 6], [2, 6, 3, 1, 4, 5], [1, 5, 3, 2, 4, 6], [5, 6, 3, 2, 4, 1], [5, 2, 4, 3, 1, 6], [3, 1, 4, 5, 6, 2], [2, 4, 1, 3, 6, 5]]
Final Cost: 251479
--- 0.0 seconds ---
##################################################
--- 0.0 seconds ---
[[0, 90, 689, 194, 165, 494], [668, 0, 1324, 811, 241, 206], [631, 387, 0, 125, 281, 375], [80, 495, 615, 0, 222, 221], [276, 204, 1127, 490, 0, 676], [109, 409, 1780, 394, 200, 0], [0, 257, 1632, 330, 117, 285], [159, 0, 1309, 297, 803, 404], [98, 82, 0, 271, 222, 383], [110, 404, 1174, 0, 750, 386], [73, 507, 1679, 190, 0, 107], [152, 487, 355, 646, 315, 0], [0, 1112, 505, 422, 414, 132], [627, 0, 560, 99, 227, 86], [373, 2007, 0, 235, 384, 205], [482, 1638, 262, 0, 233, 129], [223, 1196, 520, 55, 0, 75], [200, 782, 271, 292, 235, 0], [0, 1348, 490, 447, 186, 169], [625, 0, 74, 307, 777, 326], [114, 1645, 0, 288, 975, 68], [156, 578, 447, 0, 554, 212], [353, 732, 118, 373, 0, 283], [328, 1071, 387, 352, 199, 0], [0, 159, 1103, 218, 297, 95], [631, 0, 1618, 95, 253, 109], [552, 213, 0, 432, 397, 141], [418, 122, 797, 0, 108, 495], [115, 154, 1610, 425, 0, 158], [167, 214, 2092, 471, 323, 0], [0, 191, 1623, 264, 433, 90], [422, 0, 455, 240, 101, 418], [269, 127, 0, 131, 339, 584], [275, 272, 834, 0, 477, 551], [434, 326, 1526, 810, 0, 569], [276, 327, 1040, 245, 331, 0], [0, 315, 456, 2340, 187, 73], [581, 0, 195, 2370, 162, 207], [431, 179, 0, 1090, 233, 248], [301, 58, 56, 0, 124, 170], [173, 286, 396, 575, 0, 189], [123, 159, 143, 1753, 411, 0], [0, 375, 319, 558, 745, 183], [703, 0, 209, 789, 428, 502], [496, 234, 0, 481, 109, 508], [237, 1008, 439, 0, 508, 451], [533, 848, 394, 570, 0, 96], [288, 202, 386, 729, 653, 0], [0, 191, 390, 239, 215, 107], [1868, 0, 126, 448, 271, 108], [1870, 121, 0, 116, 256, 19], [517, 249, 574, 0, 168, 111], [1701, 172, 249, 457, 0, 91], [1761, 317, 482, 471, 318, 0], [0, 379, 141, 116, 321, 39], [1167, 0, 194, 186, 434, 224], [1399, 99, 0, 498, 247, 205], [1718, 289, 308, 0, 281, 86], [2474, 127, 122, 180, 0, 51], [1466, 117, 142, 568, 404, 0]]
10
[276521, 270923, 265875]
[[5, 1, 4, 3, 2, 6], [1, 4, 3, 2, 5, 6], [2, 6, 1, 3, 4, 5], [3, 1, 6, 4, 5, 2], [2, 4, 1, 5, 6, 3], [1, 5, 3, 6, 4, 2], [3, 5, 6, 4, 2, 1], [2, 4, 6, 1, 5, 3], [1, 5, 3, 4, 2, 6], [6, 5, 3, 1, 2, 4]]
[[5, 6, 1, 4, 2, 3], [4, 5, 6, 2, 1, 3], [2, 6, 4, 1, 3, 5], [2, 3, 1, 6, 5, 4], [6, 5, 2, 1, 3, 4], [4, 3, 2, 5, 1, 6], [2, 5, 3, 6, 4, 1], [6, 3, 1, 4, 2, 5], [4, 2, 1, 5, 3, 6], [1, 6, 5, 2, 3, 4]]
[[2, 6, 3, 4, 1, 5], [3, 4, 1, 5, 2, 6], [6, 4, 2, 1, 5, 3], [1, 4, 6, 2, 3, 5], [4, 1, 2, 5, 3, 6], [6, 2, 1, 4, 3, 5], [4, 2, 3, 5, 6, 1], [1, 2, 5, 4, 3, 6], [1, 5, 2, 4, 6, 3], [2, 6, 4, 5, 1, 3]]
N =  6
N =  6
N =  6
N =  6
N =  6
N =  6
N =  6
N =  6
N =  6
N =  6
N =  6
N =  6
N =  6
N =  6
N =  6
N =  6
N =  6
N =  6
N =  6
N =  6
N =  6
N =  6
N =  6
N =  6
N =  6
N =  6
N =  6
N =  6
N =  6
N =  6
N =  6
N =  6
N =  6
N =  6
N =  6
N =  6
N =  6
N =  6
N =  6
N =  6
N =  6
N =  6
N =  6
N =  6
N =  6
N =  6
N =  6
N =  6
N =  6
N =  6
N =  6
N =  6
N =  6
N =  6
N =  6
N =  6
N =  6
N =  6
N =  6
N =  6
N =  6
N =  6
N =  6
N =  6
N =  6
N =  6
N =  6
N =  6
N =  6
N =  6
N =  6
N =  6
N =  6
N =  6
N =  6
N =  6
N =  6
N =  6
N =  6
N =  6
N =  6
N =  6
N =  6
N =  6
N =  6
N =  6
N =  6
N =  6
N =  6
N =  6
N =  6
N =  6
N =  6
N =  6
N =  6
N =  6
N =  6
N =  6
N =  6
N =  6
N =  6
N =  6
N =  6
N =  6
N =  6
N =  6
N =  6
N =  6
N =  6
N =  6
N =  6
N =  6
N =  6
N =  6
N =  6
N =  6
N =  6
N =  6
N =  6
N =  6
Onwall= 4	Dec = 4	Syn = 36	Intermolecular = 36

Final Sequence:
[[5, 6, 1, 2, 3, 4], [4, 5, 2, 1, 3, 6], [2, 4, 1, 5, 3, 6], [3, 4, 1, 6, 5, 2], [6, 5, 2, 3, 4, 1], [1, 3, 2, 4, 5, 6], [2, 5, 6, 4, 1, 3], [6, 3, 1, 4, 2, 5], [4, 5, 3, 6, 1, 2], [1, 6, 5, 2, 4, 3]]
Final Cost: 262053
--- 0.0 seconds ---
##################################################
--- 0.0 seconds ---
[[0, 90, 689, 194, 165, 494], [668, 0, 1324, 811, 241, 206], [631, 387, 0, 125, 281, 375], [80, 495, 615, 0, 222, 221], [276, 204, 1127, 490, 0, 676], [109, 409, 1780, 394, 200, 0], [0, 257, 1632, 330, 117, 285], [159, 0, 1309, 297, 803, 404], [98, 82, 0, 271, 222, 383], [110, 404, 1174, 0, 750, 386], [73, 507, 1679, 190, 0, 107], [152, 487, 355, 646, 315, 0], [0, 1112, 505, 422, 414, 132], [627, 0, 560, 99, 227, 86], [373, 2007, 0, 235, 384, 205], [482, 1638, 262, 0, 233, 129], [223, 1196, 520, 55, 0, 75], [200, 782, 271, 292, 235, 0], [0, 1348, 490, 447, 186, 169], [625, 0, 74, 307, 777, 326], [114, 1645, 0, 288, 975, 68], [156, 578, 447, 0, 554, 212], [353, 732, 118, 373, 0, 283], [328, 1071, 387, 352, 199, 0], [0, 159, 1103, 218, 297, 95], [631, 0, 1618, 95, 253, 109], [552, 213, 0, 432, 397, 141], [418, 122, 797, 0, 108, 495], [115, 154, 1610, 425, 0, 158], [167, 214, 2092, 471, 323, 0], [0, 191, 1623, 264, 433, 90], [422, 0, 455, 240, 101, 418], [269, 127, 0, 131, 339, 584], [275, 272, 834, 0, 477, 551], [434, 326, 1526, 810, 0, 569], [276, 327, 1040, 245, 331, 0], [0, 315, 456, 2340, 187, 73], [581, 0, 195, 2370, 162, 207], [431, 179, 0, 1090, 233, 248], [301, 58, 56, 0, 124, 170], [173, 286, 396, 575, 0, 189], [123, 159, 143, 1753, 411, 0], [0, 375, 319, 558, 745, 183], [703, 0, 209, 789, 428, 502], [496, 234, 0, 481, 109, 508], [237, 1008, 439, 0, 508, 451], [533, 848, 394, 570, 0, 96], [288, 202, 386, 729, 653, 0], [0, 191, 390, 239, 215, 107], [1868, 0, 126, 448, 271, 108], [1870, 121, 0, 116, 256, 19], [517, 249, 574, 0, 168, 111], [1701, 172, 249, 457, 0, 91], [1761, 317, 482, 471, 318, 0], [0, 379, 141, 116, 321, 39], [1167, 0, 194, 186, 434, 224], [1399, 99, 0, 498, 247, 205], [1718, 289, 308, 0, 281, 86], [2474, 127, 122, 180, 0, 51], [1466, 117, 142, 568, 404, 0]]
10
[272121, 269347, 268815]
[[1, 4, 2, 3, 6, 5], [3, 6, 4, 5, 2, 1], [2, 5, 3, 6, 1, 4], [5, 2, 1, 4, 6, 3], [1, 6, 3, 5, 2, 4], [6, 4, 3, 5, 2, 1], [3, 2, 4, 5, 1, 6], [5, 4, 2, 6, 1, 3], [2, 3, 6, 4, 5, 1], [2, 6, 4, 3, 1, 5]]
[[4, 6, 1, 2, 3, 5], [4, 5, 1, 3, 6, 2], [3, 5, 4, 6, 1, 2], [5, 4, 3, 1, 2, 6], [2, 6, 5, 4, 3, 1], [2, 1, 3, 6, 4, 5], [4, 1, 6, 5, 2, 3], [5, 6, 2, 1, 4, 3], [2, 6, 4, 3, 5, 1], [2, 5, 1, 6, 4, 3]]
[[6, 5, 1, 3, 4, 2], [3, 6, 1, 5, 2, 4], [2, 6, 5, 4, 1, 3], [6, 4, 1, 5, 3, 2], [1, 3, 6, 4, 2, 5], [6, 3, 4, 1, 5, 2], [6, 5, 2, 4, 1, 3], [6, 4, 2, 1, 5, 3], [4, 5, 1, 3, 2, 6], [1, 2, 4, 3, 5, 6]]
N =  6
N =  6
N =  6
N =  6
N =  6
N =  6
N =  6
N =  6
N =  6
N =  6
N =  6
N =  6
N =  6
N =  6
N =  6
N =  6
N =  6
N =  6
N =  6
N =  6
N =  6
N =  6
N =  6
N =  6
N =  6
N =  6
N =  6
N =  6
N =  6
N =  6
N =  6
N =  6
N =  6
N =  6
N =  6
N =  6
N =  6
N =  6
N =  6
N =  6
N =  6
N =  6
N =  6
N =  6
N =  6
N =  6
N =  6
N =  6
N =  6
N =  6
N =  6
N =  6
N =  6
N =  6
N =  6
N =  6
N =  6
N =  6
N =  6
N =  6
N =  6
N =  6
N =  6
N =  6
N =  6
N =  6
N =  6
N =  6
N =  6
N =  6
N =  6
N =  6
N =  6
N =  6
N =  6
N =  6
N =  6
N =  6
N =  6
N =  6
N =  6
N =  6
N =  6
N =  6
N =  6
N =  6
N =  6
N =  6
N =  6
N =  6
N =  6
N =  6
N =  6
N =  6
N =  6
N =  6
N =  6
N =  6
N =  6
N =  6
N =  6
N =  6
N =  6
N =  6
N =  6
N =  6
N =  6
N =  6
N =  6
N =  6
N =  6
N =  6
N =  6
N =  6
N =  6
N =  6
N =  6
N =  6
N =  6
N =  6
Onwall= 5	Dec = 6	Syn = 35	Intermolecular = 34

Final Sequence:
[[3, 6, 2, 5, 1, 4], [3, 5, 2, 1, 4, 6], [3, 5, 1, 4, 2, 6], [4, 1, 3, 6, 2, 5], [1, 5, 2, 4, 3, 6], [1, 4, 5, 2, 3, 6], [4, 6, 5, 1, 2, 3], [3, 6, 4, 1, 2, 5], [3, 6, 1, 4, 5, 2], [4, 5, 3, 1, 2, 6]]
Final Cost: 252338
--- 0.0 seconds ---
##################################################
--- 0.0 seconds ---
[[0, 90, 689, 194, 165, 494], [668, 0, 1324, 811, 241, 206], [631, 387, 0, 125, 281, 375], [80, 495, 615, 0, 222, 221], [276, 204, 1127, 490, 0, 676], [109, 409, 1780, 394, 200, 0], [0, 257, 1632, 330, 117, 285], [159, 0, 1309, 297, 803, 404], [98, 82, 0, 271, 222, 383], [110, 404, 1174, 0, 750, 386], [73, 507, 1679, 190, 0, 107], [152, 487, 355, 646, 315, 0], [0, 1112, 505, 422, 414, 132], [627, 0, 560, 99, 227, 86], [373, 2007, 0, 235, 384, 205], [482, 1638, 262, 0, 233, 129], [223, 1196, 520, 55, 0, 75], [200, 782, 271, 292, 235, 0], [0, 1348, 490, 447, 186, 169], [625, 0, 74, 307, 777, 326], [114, 1645, 0, 288, 975, 68], [156, 578, 447, 0, 554, 212], [353, 732, 118, 373, 0, 283], [328, 1071, 387, 352, 199, 0], [0, 159, 1103, 218, 297, 95], [631, 0, 1618, 95, 253, 109], [552, 213, 0, 432, 397, 141], [418, 122, 797, 0, 108, 495], [115, 154, 1610, 425, 0, 158], [167, 214, 2092, 471, 323, 0], [0, 191, 1623, 264, 433, 90], [422, 0, 455, 240, 101, 418], [269, 127, 0, 131, 339, 584], [275, 272, 834, 0, 477, 551], [434, 326, 1526, 810, 0, 569], [276, 327, 1040, 245, 331, 0], [0, 315, 456, 2340, 187, 73], [581, 0, 195, 2370, 162, 207], [431, 179, 0, 1090, 233, 248], [301, 58, 56, 0, 124, 170], [173, 286, 396, 575, 0, 189], [123, 159, 143, 1753, 411, 0], [0, 375, 319, 558, 745, 183], [703, 0, 209, 789, 428, 502], [496, 234, 0, 481, 109, 508], [237, 1008, 439, 0, 508, 451], [533, 848, 394, 570, 0, 96], [288, 202, 386, 729, 653, 0], [0, 191, 390, 239, 215, 107], [1868, 0, 126, 448, 271, 108], [1870, 121, 0, 116, 256, 19], [517, 249, 574, 0, 168, 111], [1701, 172, 249, 457, 0, 91], [1761, 317, 482, 471, 318, 0], [0, 379, 141, 116, 321, 39], [1167, 0, 194, 186, 434, 224], [1399, 99, 0, 498, 247, 205], [1718, 289, 308, 0, 281, 86], [2474, 127, 122, 180, 0, 51], [1466, 117, 142, 568, 404, 0]]
10
[271896, 269821, 266910]
[[6, 3, 1, 4, 5, 2], [4, 6, 3, 5, 2, 1], [6, 5, 3, 1, 2, 4], [5, 3, 6, 1, 4, 2], [6, 1, 2, 4, 5, 3], [5, 6, 1, 3, 2, 4], [1, 5, 2, 6, 4, 3], [6, 4, 3, 5, 2, 1], [6, 2, 1, 4, 3, 5], [1, 6, 4, 2, 3, 5]]
[[2, 6, 3, 4, 5, 1], [5, 4, 1, 2, 3, 6], [4, 5, 6, 3, 2, 1], [2, 6, 1, 5, 3, 4], [1, 5, 4, 2, 6, 3], [1, 2, 4, 3, 6, 5], [6, 1, 4, 3, 2, 5], [3, 4, 5, 2, 6, 1], [1, 2, 6, 4, 3, 5], [2, 5, 1, 3, 6, 4]]
[[1, 5, 2, 6, 4, 3], [4, 2, 3, 1, 6, 5], [3, 2, 6, 1, 4, 5], [5, 2, 6, 3, 1, 4], [2, 5, 4, 3, 1, 6], [6, 3, 5, 4, 1, 2], [3, 6, 4, 1, 2, 5], [1, 6, 4, 3, 2, 5], [6, 1, 3, 5, 4, 2], [4, 5, 2, 1, 6, 3]]
N =  6
N =  6
N =  6
N =  6
N =  6
N =  6
N =  6
N =  6
N =  6
N =  6
N =  6
N =  6
N =  6
N =  6
N =  6
N =  6
N =  6
N =  6
N =  6
N =  6
N =  6
N =  6
N =  6
N =  6
N =  6
N =  6
N =  6
N =  6
N =  6
N =  6
N =  6
N =  6
N =  6
N =  6
N =  6
N =  6
N =  6
N =  6
N =  6
N =  6
N =  6
N =  6
N =  6
N =  6
N =  6
N =  6
N =  6
N =  6
N =  6
N =  6
N =  6
N =  6
N =  6
N =  6
N =  6
N =  6
N =  6
N =  6
N =  6
N =  6
N =  6
N =  6
N =  6
N =  6
N =  6
N =  6
N =  6
N =  6
N =  6
N =  6
N =  6
N =  6
N =  6
N =  6
N =  6
N =  6
N =  6
N =  6
N =  6
N =  6
N =  6
N =  6
N =  6
N =  6
N =  6
N =  6
N =  6
N =  6
N =  6
N =  6
N =  6
N =  6
N =  6
N =  6
N =  6
N =  6
N =  6
N =  6
N =  6
N =  6
N =  6
N =  6
N =  6
N =  6
N =  6
N =  6
N =  6
N =  6
N =  6
N =  6
N =  6
N =  6
N =  6
N =  6
N =  6
N =  6
N =  6
N =  6
N =  6
N =  6
N =  6
Onwall= 5	Dec = 5	Syn = 34	Intermolecular = 36

Final Sequence:
[[5, 2, 4, 1, 3, 6], [1, 2, 5, 3, 4, 6], [6, 1, 5, 4, 2, 3], [6, 1, 3, 4, 2, 5], [2, 5, 4, 3, 1, 6], [4, 5, 6, 1, 3, 2], [5, 6, 4, 3, 1, 2], [6, 5, 3, 2, 1, 4], [6, 4, 2, 5, 1, 3], [6, 2, 3, 5, 1, 4]]
Final Cost: 249025
--- 0.0 seconds ---
##################################################
--- 0.0 seconds ---
[[0, 90, 689, 194, 165, 494], [668, 0, 1324, 811, 241, 206], [631, 387, 0, 125, 281, 375], [80, 495, 615, 0, 222, 221], [276, 204, 1127, 490, 0, 676], [109, 409, 1780, 394, 200, 0], [0, 257, 1632, 330, 117, 285], [159, 0, 1309, 297, 803, 404], [98, 82, 0, 271, 222, 383], [110, 404, 1174, 0, 750, 386], [73, 507, 1679, 190, 0, 107], [152, 487, 355, 646, 315, 0], [0, 1112, 505, 422, 414, 132], [627, 0, 560, 99, 227, 86], [373, 2007, 0, 235, 384, 205], [482, 1638, 262, 0, 233, 129], [223, 1196, 520, 55, 0, 75], [200, 782, 271, 292, 235, 0], [0, 1348, 490, 447, 186, 169], [625, 0, 74, 307, 777, 326], [114, 1645, 0, 288, 975, 68], [156, 578, 447, 0, 554, 212], [353, 732, 118, 373, 0, 283], [328, 1071, 387, 352, 199, 0], [0, 159, 1103, 218, 297, 95], [631, 0, 1618, 95, 253, 109], [552, 213, 0, 432, 397, 141], [418, 122, 797, 0, 108, 495], [115, 154, 1610, 425, 0, 158], [167, 214, 2092, 471, 323, 0], [0, 191, 1623, 264, 433, 90], [422, 0, 455, 240, 101, 418], [269, 127, 0, 131, 339, 584], [275, 272, 834, 0, 477, 551], [434, 326, 1526, 810, 0, 569], [276, 327, 1040, 245, 331, 0], [0, 315, 456, 2340, 187, 73], [581, 0, 195, 2370, 162, 207], [431, 179, 0, 1090, 233, 248], [301, 58, 56, 0, 124, 170], [173, 286, 396, 575, 0, 189], [123, 159, 143, 1753, 411, 0], [0, 375, 319, 558, 745, 183], [703, 0, 209, 789, 428, 502], [496, 234, 0, 481, 109, 508], [237, 1008, 439, 0, 508, 451], [533, 848, 394, 570, 0, 96], [288, 202, 386, 729, 653, 0], [0, 191, 390, 239, 215, 107], [1868, 0, 126, 448, 271, 108], [1870, 121, 0, 116, 256, 19], [517, 249, 574, 0, 168, 111], [1701, 172, 249, 457, 0, 91], [1761, 317, 482, 471, 318, 0], [0, 379, 141, 116, 321, 39], [1167, 0, 194, 186, 434, 224], [1399, 99, 0, 498, 247, 205], [1718, 289, 308, 0, 281, 86], [2474, 127, 122, 180, 0, 51], [1466, 117, 142, 568, 404, 0]]
10
[271972, 269969, 268731]
[[1, 4, 6, 3, 2, 5], [5, 1, 3, 4, 2, 6], [5, 4, 1, 3, 6, 2], [2, 6, 4, 1, 3, 5], [6, 2, 4, 5, 1, 3], [4, 2, 5, 6, 3, 1], [2, 4, 1, 6, 3, 5], [6, 1, 3, 2, 5, 4], [1, 6, 5, 4, 2, 3], [1, 6, 3, 5, 2, 4]]
[[6, 4, 1, 3, 2, 5], [4, 5, 2, 1, 3, 6], [4, 3, 2, 1, 5, 6], [3, 2, 6, 5, 4, 1], [1, 3, 6, 2, 4, 5], [3, 5, 1, 4, 2, 6], [4, 1, 5, 3, 6, 2], [3, 4, 2, 6, 1, 5], [3, 5, 1, 2, 6, 4], [1, 6, 5, 4, 3, 2]]
[[5, 1, 4, 6, 2, 3], [2, 5, 4, 6, 3, 1], [2, 6, 1, 4, 5, 3], [6, 4, 1, 5, 3, 2], [2, 4, 1, 3, 6, 5], [1, 3, 2, 4, 6, 5], [2, 4, 5, 1, 6, 3], [4, 3, 5, 6, 1, 2], [5, 2, 3, 4, 6, 1], [1, 3, 5, 4, 2, 6]]
N =  6
N =  6
N =  6
N =  6
N =  6
N =  6
N =  6
N =  6
N =  6
N =  6
N =  6
N =  6
N =  6
N =  6
N =  6
N =  6
N =  6
N =  6
N =  6
N =  6
N =  6
N =  6
N =  6
N =  6
N =  6
N =  6
N =  6
N =  6
N =  6
N =  6
N =  6
N =  6
N =  6
N =  6
N =  6
N =  6
N =  6
N =  6
N =  6
N =  6
N =  6
N =  6
N =  6
N =  6
N =  6
N =  6
N =  6
N =  6
N =  6
N =  6
N =  6
N =  6
N =  6
N =  6
N =  6
N =  6
N =  6
N =  6
N =  6
N =  6
N =  6
N =  6
N =  6
N =  6
N =  6
N =  6
N =  6
N =  6
N =  6
N =  6
N =  6
N =  6
N =  6
N =  6
N =  6
N =  6
N =  6
N =  6
N =  6
N =  6
N =  6
N =  6
N =  6
N =  6
N =  6
N =  6
N =  6
N =  6
N =  6
N =  6
N =  6
N =  6
N =  6
N =  6
N =  6
N =  6
N =  6
N =  6
N =  6
N =  6
N =  6
N =  6
N =  6
N =  6
N =  6
N =  6
N =  6
N =  6
N =  6
N =  6
N =  6
N =  6
N =  6
N =  6
N =  6
N =  6
N =  6
N =  6
Onwall= 5	Dec = 3	Syn = 37	Intermolecular = 35

Final Sequence:
[[3, 6, 2, 5, 1, 4], [1, 5, 3, 6, 2, 4], [1, 6, 4, 5, 2, 3], [1, 3, 4, 5, 2, 6], [1, 2, 5, 4, 3, 6], [5, 2, 6, 4, 1, 3], [3, 4, 6, 2, 1, 5], [5, 2, 6, 1, 3, 4], [4, 2, 6, 1, 3, 5], [3, 4, 6, 2, 1, 5]]
Final Cost: 228796
--- 0.0 seconds ---
##################################################
--- 0.0 seconds ---
[[0, 90, 689, 194, 165, 494], [668, 0, 1324, 811, 241, 206], [631, 387, 0, 125, 281, 375], [80, 495, 615, 0, 222, 221], [276, 204, 1127, 490, 0, 676], [109, 409, 1780, 394, 200, 0], [0, 257, 1632, 330, 117, 285], [159, 0, 1309, 297, 803, 404], [98, 82, 0, 271, 222, 383], [110, 404, 1174, 0, 750, 386], [73, 507, 1679, 190, 0, 107], [152, 487, 355, 646, 315, 0], [0, 1112, 505, 422, 414, 132], [627, 0, 560, 99, 227, 86], [373, 2007, 0, 235, 384, 205], [482, 1638, 262, 0, 233, 129], [223, 1196, 520, 55, 0, 75], [200, 782, 271, 292, 235, 0], [0, 1348, 490, 447, 186, 169], [625, 0, 74, 307, 777, 326], [114, 1645, 0, 288, 975, 68], [156, 578, 447, 0, 554, 212], [353, 732, 118, 373, 0, 283], [328, 1071, 387, 352, 199, 0], [0, 159, 1103, 218, 297, 95], [631, 0, 1618, 95, 253, 109], [552, 213, 0, 432, 397, 141], [418, 122, 797, 0, 108, 495], [115, 154, 1610, 425, 0, 158], [167, 214, 2092, 471, 323, 0], [0, 191, 1623, 264, 433, 90], [422, 0, 455, 240, 101, 418], [269, 127, 0, 131, 339, 584], [275, 272, 834, 0, 477, 551], [434, 326, 1526, 810, 0, 569], [276, 327, 1040, 245, 331, 0], [0, 315, 456, 2340, 187, 73], [581, 0, 195, 2370, 162, 207], [431, 179, 0, 1090, 233, 248], [301, 58, 56, 0, 124, 170], [173, 286, 396, 575, 0, 189], [123, 159, 143, 1753, 411, 0], [0, 375, 319, 558, 745, 183], [703, 0, 209, 789, 428, 502], [496, 234, 0, 481, 109, 508], [237, 1008, 439, 0, 508, 451], [533, 848, 394, 570, 0, 96], [288, 202, 386, 729, 653, 0], [0, 191, 390, 239, 215, 107], [1868, 0, 126, 448, 271, 108], [1870, 121, 0, 116, 256, 19], [517, 249, 574, 0, 168, 111], [1701, 172, 249, 457, 0, 91], [1761, 317, 482, 471, 318, 0], [0, 379, 141, 116, 321, 39], [1167, 0, 194, 186, 434, 224], [1399, 99, 0, 498, 247, 205], [1718, 289, 308, 0, 281, 86], [2474, 127, 122, 180, 0, 51], [1466, 117, 142, 568, 404, 0]]
10
[273303, 274079, 266076]
[[3, 4, 5, 2, 6, 1], [4, 2, 5, 3, 6, 1], [5, 2, 6, 1, 3, 4], [6, 4, 2, 1, 3, 5], [1, 6, 5, 4, 2, 3], [6, 4, 2, 5, 1, 3], [6, 1, 4, 2, 5, 3], [4, 1, 6, 5, 3, 2], [5, 3, 2, 1, 6, 4], [4, 1, 3, 2, 6, 5]]
[[1, 5, 4, 3, 2, 6], [6, 3, 4, 2, 5, 1], [4, 3, 6, 5, 2, 1], [1, 5, 4, 3, 6, 2], [6, 3, 4, 1, 2, 5], [3, 4, 6, 5, 1, 2], [2, 6, 1, 3, 4, 5], [5, 3, 2, 1, 4, 6], [1, 2, 6, 4, 3, 5], [5, 3, 4, 1, 6, 2]]
[[2, 3, 1, 5, 4, 6], [5, 1, 6, 2, 3, 4], [2, 5, 1, 4, 3, 6], [3, 4, 5, 1, 6, 2], [3, 6, 4, 1, 5, 2], [2, 3, 6, 1, 5, 4], [4, 5, 3, 2, 1, 6], [6, 1, 3, 2, 4, 5], [3, 6, 5, 2, 4, 1], [4, 6, 3, 5, 1, 2]]
N =  6
N =  6
N =  6
N =  6
N =  6
N =  6
N =  6
N =  6
N =  6
N =  6
N =  6
N =  6
N =  6
N =  6
N =  6
N =  6
N =  6
N =  6
N =  6
N =  6
N =  6
N =  6
N =  6
N =  6
N =  6
N =  6
N =  6
N =  6
N =  6
N =  6
N =  6
N =  6
N =  6
N =  6
N =  6
N =  6
N =  6
N =  6
N =  6
N =  6
N =  6
N =  6
N =  6
N =  6
N =  6
N =  6
N =  6
N =  6
N =  6
N =  6
N =  6
N =  6
N =  6
N =  6
N =  6
N =  6
N =  6
N =  6
N =  6
N =  6
N =  6
N =  6
N =  6
N =  6
N =  6
N =  6
N =  6
N =  6
N =  6
N =  6
N =  6
N =  6
N =  6
N =  6
N =  6
N =  6
N =  6
N =  6
N =  6
N =  6
N =  6
N =  6
N =  6
N =  6
N =  6
N =  6
N =  6
N =  6
N =  6
N =  6
N =  6
N =  6
N =  6
N =  6
N =  6
N =  6
N =  6
N =  6
N =  6
N =  6
N =  6
N =  6
N =  6
N =  6
N =  6
N =  6
N =  6
N =  6
N =  6
N =  6
N =  6
N =  6
N =  6
N =  6
N =  6
N =  6
N =  6
N =  6
Onwall= 3	Dec = 4	Syn = 39	Intermolecular = 34

Final Sequence:
[[4, 6, 3, 2, 1, 5], [5, 4, 2, 3, 1, 6], [5, 4, 1, 2, 3, 6], [1, 4, 5, 3, 2, 6], [2, 4, 5, 1, 3, 6], [3, 1, 5, 6, 2, 4], [6, 1, 3, 5, 2, 4], [3, 6, 1, 4, 2, 5], [3, 5, 4, 1, 2, 6], [5, 2, 1, 6, 3, 4]]
Final Cost: 218142
--- 0.0 seconds ---
##################################################
--- 0.0 seconds ---
[[0, 90, 689, 194, 165, 494], [668, 0, 1324, 811, 241, 206], [631, 387, 0, 125, 281, 375], [80, 495, 615, 0, 222, 221], [276, 204, 1127, 490, 0, 676], [109, 409, 1780, 394, 200, 0], [0, 257, 1632, 330, 117, 285], [159, 0, 1309, 297, 803, 404], [98, 82, 0, 271, 222, 383], [110, 404, 1174, 0, 750, 386], [73, 507, 1679, 190, 0, 107], [152, 487, 355, 646, 315, 0], [0, 1112, 505, 422, 414, 132], [627, 0, 560, 99, 227, 86], [373, 2007, 0, 235, 384, 205], [482, 1638, 262, 0, 233, 129], [223, 1196, 520, 55, 0, 75], [200, 782, 271, 292, 235, 0], [0, 1348, 490, 447, 186, 169], [625, 0, 74, 307, 777, 326], [114, 1645, 0, 288, 975, 68], [156, 578, 447, 0, 554, 212], [353, 732, 118, 373, 0, 283], [328, 1071, 387, 352, 199, 0], [0, 159, 1103, 218, 297, 95], [631, 0, 1618, 95, 253, 109], [552, 213, 0, 432, 397, 141], [418, 122, 797, 0, 108, 495], [115, 154, 1610, 425, 0, 158], [167, 214, 2092, 471, 323, 0], [0, 191, 1623, 264, 433, 90], [422, 0, 455, 240, 101, 418], [269, 127, 0, 131, 339, 584], [275, 272, 834, 0, 477, 551], [434, 326, 1526, 810, 0, 569], [276, 327, 1040, 245, 331, 0], [0, 315, 456, 2340, 187, 73], [581, 0, 195, 2370, 162, 207], [431, 179, 0, 1090, 233, 248], [301, 58, 56, 0, 124, 170], [173, 286, 396, 575, 0, 189], [123, 159, 143, 1753, 411, 0], [0, 375, 319, 558, 745, 183], [703, 0, 209, 789, 428, 502], [496, 234, 0, 481, 109, 508], [237, 1008, 439, 0, 508, 451], [533, 848, 394, 570, 0, 96], [288, 202, 386, 729, 653, 0], [0, 191, 390, 239, 215, 107], [1868, 0, 126, 448, 271, 108], [1870, 121, 0, 116, 256, 19], [517, 249, 574, 0, 168, 111], [1701, 172, 249, 457, 0, 91], [1761, 317, 482, 471, 318, 0], [0, 379, 141, 116, 321, 39], [1167, 0, 194, 186, 434, 224], [1399, 99, 0, 498, 247, 205], [1718, 289, 308, 0, 281, 86], [2474, 127, 122, 180, 0, 51], [1466, 117, 142, 568, 404, 0]]
10
[271655, 274855, 268199]
[[2, 1, 5, 6, 3, 4], [4, 6, 2, 5, 1, 3], [4, 2, 5, 6, 3, 1], [6, 5, 2, 3, 4, 1], [5, 1, 4, 3, 2, 6], [4, 2, 6, 3, 5, 1], [6, 1, 5, 2, 3, 4], [3, 6, 2, 5, 1, 4], [4, 5, 3, 2, 1, 6], [2, 3, 1, 4, 6, 5]]
[[6, 4, 1, 3, 5, 2], [1, 4, 6, 2, 5, 3], [3, 5, 1, 6, 2, 4], [6, 1, 5, 4, 3, 2], [1, 3, 4, 2, 5, 6], [4, 6, 5, 1, 2, 3], [6, 3, 4, 1, 5, 2], [4, 5, 2, 6, 3, 1], [1, 6, 5, 4, 3, 2], [2, 6, 1, 3, 5, 4]]
[[2, 3, 6, 5, 4, 1], [4, 2, 1, 3, 5, 6], [1, 2, 5, 6, 4, 3], [5, 1, 6, 4, 2, 3], [1, 2, 4, 5, 3, 6], [5, 1, 2, 6, 4, 3], [6, 2, 3, 5, 4, 1], [1, 2, 3, 6, 5, 4], [6, 1, 5, 3, 4, 2], [1, 2, 6, 4, 3, 5]]
N =  6
N =  6
N =  6
N =  6
N =  6
N =  6
N =  6
N =  6
N =  6
N =  6
N =  6
N =  6
N =  6
N =  6
N =  6
N =  6
N =  6
N =  6
N =  6
N =  6
N =  6
N =  6
N =  6
N =  6
N =  6
N =  6
N =  6
N =  6
N =  6
N =  6
N =  6
N =  6
N =  6
N =  6
N =  6
N =  6
N =  6
N =  6
N =  6
N =  6
N =  6
N =  6
N =  6
N =  6
N =  6
N =  6
N =  6
N =  6
N =  6
N =  6
N =  6
N =  6
N =  6
N =  6
N =  6
N =  6
N =  6
N =  6
N =  6
N =  6
N =  6
N =  6
N =  6
N =  6
N =  6
N =  6
N =  6
N =  6
N =  6
N =  6
N =  6
N =  6
N =  6
N =  6
N =  6
N =  6
N =  6
N =  6
N =  6
N =  6
N =  6
N =  6
N =  6
N =  6
N =  6
N =  6
N =  6
N =  6
N =  6
N =  6
N =  6
N =  6
N =  6
N =  6
N =  6
N =  6
N =  6
N =  6
N =  6
N =  6
N =  6
N =  6
N =  6
N =  6
N =  6
N =  6
N =  6
N =  6
N =  6
N =  6
N =  6
N =  6
N =  6
N =  6
N =  6
N =  6
N =  6
N =  6
N =  6
Onwall= 5	Dec = 1	Syn = 36	Intermolecular = 38

Final Sequence:
[[2, 3, 6, 5, 4, 1], [4, 2, 5, 1, 3, 6], [4, 2, 5, 6, 3, 1], [5, 1, 4, 6, 2, 3], [5, 1, 4, 3, 2, 6], [4, 2, 6, 1, 3, 5], [6, 2, 3, 5, 4, 1], [1, 2, 5, 4, 3, 6], [4, 1, 5, 2, 6, 3], [2, 3, 1, 4, 6, 5]]
Final Cost: 214021
--- 0.0 seconds ---
##################################################
--- 0.0 seconds ---
[[0, 90, 689, 194, 165, 494], [668, 0, 1324, 811, 241, 206], [631, 387, 0, 125, 281, 375], [80, 495, 615, 0, 222, 221], [276, 204, 1127, 490, 0, 676], [109, 409, 1780, 394, 200, 0], [0, 257, 1632, 330, 117, 285], [159, 0, 1309, 297, 803, 404], [98, 82, 0, 271, 222, 383], [110, 404, 1174, 0, 750, 386], [73, 507, 1679, 190, 0, 107], [152, 487, 355, 646, 315, 0], [0, 1112, 505, 422, 414, 132], [627, 0, 560, 99, 227, 86], [373, 2007, 0, 235, 384, 205], [482, 1638, 262, 0, 233, 129], [223, 1196, 520, 55, 0, 75], [200, 782, 271, 292, 235, 0], [0, 1348, 490, 447, 186, 169], [625, 0, 74, 307, 777, 326], [114, 1645, 0, 288, 975, 68], [156, 578, 447, 0, 554, 212], [353, 732, 118, 373, 0, 283], [328, 1071, 387, 352, 199, 0], [0, 159, 1103, 218, 297, 95], [631, 0, 1618, 95, 253, 109], [552, 213, 0, 432, 397, 141], [418, 122, 797, 0, 108, 495], [115, 154, 1610, 425, 0, 158], [167, 214, 2092, 471, 323, 0], [0, 191, 1623, 264, 433, 90], [422, 0, 455, 240, 101, 418], [269, 127, 0, 131, 339, 584], [275, 272, 834, 0, 477, 551], [434, 326, 1526, 810, 0, 569], [276, 327, 1040, 245, 331, 0], [0, 315, 456, 2340, 187, 73], [581, 0, 195, 2370, 162, 207], [431, 179, 0, 1090, 233, 248], [301, 58, 56, 0, 124, 170], [173, 286, 396, 575, 0, 189], [123, 159, 143, 1753, 411, 0], [0, 375, 319, 558, 745, 183], [703, 0, 209, 789, 428, 502], [496, 234, 0, 481, 109, 508], [237, 1008, 439, 0, 508, 451], [533, 848, 394, 570, 0, 96], [288, 202, 386, 729, 653, 0], [0, 191, 390, 239, 215, 107], [1868, 0, 126, 448, 271, 108], [1870, 121, 0, 116, 256, 19], [517, 249, 574, 0, 168, 111], [1701, 172, 249, 457, 0, 91], [1761, 317, 482, 471, 318, 0], [0, 379, 141, 116, 321, 39], [1167, 0, 194, 186, 434, 224], [1399, 99, 0, 498, 247, 205], [1718, 289, 308, 0, 281, 86], [2474, 127, 122, 180, 0, 51], [1466, 117, 142, 568, 404, 0]]
10
[265965, 272880, 264299]
[[2, 6, 4, 3, 5, 1], [2, 6, 1, 3, 5, 4], [6, 3, 1, 4, 2, 5], [1, 2, 5, 3, 4, 6], [2, 1, 3, 4, 5, 6], [2, 4, 5, 1, 6, 3], [6, 1, 2, 4, 3, 5], [4, 6, 5, 2, 1, 3], [4, 5, 2, 3, 6, 1], [1, 5, 4, 6, 2, 3]]
[[6, 4, 3, 5, 2, 1], [3, 6, 5, 1, 2, 4], [3, 4, 6, 5, 1, 2], [5, 1, 4, 3, 6, 2], [6, 1, 2, 5, 4, 3], [1, 5, 3, 4, 6, 2], [6, 2, 3, 4, 1, 5], [5, 2, 6, 1, 3, 4], [4, 5, 2, 3, 6, 1], [5, 2, 6, 1, 3, 4]]
[[2, 3, 1, 6, 5, 4], [2, 6, 1, 4, 3, 5], [6, 1, 3, 2, 5, 4], [3, 1, 4, 2, 5, 6], [5, 6, 4, 2, 3, 1], [4, 5, 6, 1, 2, 3], [1, 4, 6, 2, 5, 3], [4, 6, 5, 1, 3, 2], [2, 4, 1, 6, 3, 5], [2, 1, 4, 6, 3, 5]]
N =  6
N =  6
N =  6
N =  6
N =  6
N =  6
N =  6
N =  6
N =  6
N =  6
N =  6
N =  6
N =  6
N =  6
N =  6
N =  6
N =  6
N =  6
N =  6
N =  6
N =  6
N =  6
N =  6
N =  6
N =  6
N =  6
N =  6
N =  6
N =  6
N =  6
N =  6
N =  6
N =  6
N =  6
N =  6
N =  6
N =  6
N =  6
N =  6
N =  6
N =  6
N =  6
N =  6
N =  6
N =  6
N =  6
N =  6
N =  6
N =  6
N =  6
N =  6
N =  6
N =  6
N =  6
N =  6
N =  6
N =  6
N =  6
N =  6
N =  6
N =  6
N =  6
N =  6
N =  6
N =  6
N =  6
N =  6
N =  6
N =  6
N =  6
N =  6
N =  6
N =  6
N =  6
N =  6
N =  6
N =  6
N =  6
N =  6
N =  6
N =  6
N =  6
N =  6
N =  6
N =  6
N =  6
N =  6
N =  6
N =  6
N =  6
N =  6
N =  6
N =  6
N =  6
N =  6
N =  6
N =  6
N =  6
N =  6
N =  6
N =  6
N =  6
N =  6
N =  6
N =  6
N =  6
N =  6
N =  6
N =  6
N =  6
N =  6
N =  6
Onwall= 3	Dec = 5	Syn = 45	Intermolecular = 27

Final Sequence:
[[5, 6, 2, 1, 3, 4], [4, 3, 5, 2, 6, 1], [1, 5, 6, 3, 2, 4], [3, 4, 1, 6, 2, 5], [2, 5, 4, 3, 1, 6], [2, 6, 4, 1, 3, 5], [2, 4, 3, 5, 1, 6], [3, 4, 2, 1, 5, 6], [5, 1, 3, 6, 2, 4], [6, 4, 1, 3, 2, 5]]
Final Cost: 257830
--- 0.0 seconds ---
##################################################
--- 0.0 seconds ---
