6 
5 
5 
0	 63	 605	 551	 116	 136  
63	 0	 635	 941	 50	 191 
104	 71	 0	 569	 136	 55 
65	 193	 622	 0	 77	 90 	
162	 174	 607	 591	 0	 179 
156	 13	 667	 611	 175	 0 
0	175	804	904	56	176 
63	0	743	936	45	177 
168	85	0	918	138	134 
51	94	962	0	173	39 
97	104	730	634	0	144 
95	115	983	597	24	0 
0	90	77	553	769	139 
168	0	114	653	525	185 
32	35	0	664	898	87 
27	166	42	0	960	179 
185	56	44	926	0	104 
72	128	173	634	687	0 
0	112	15	199	665	649 
153	0	116	173	912	671 	
10	28	0	182	855	542 	
29	69	15	0	552	751 
198	71	42	24	0	758 
62	109	170	90	973	0 
0	663	23	128	119	50 
820	0	5	98	141	66 	
822	650	0	137	78	91 	
826	570	149	0	93	151 	
915	515	53	35	0	177 
614	729	178	10	99	0 
887	964	213	367	289	477 