   30
   10
    10
    0   20   27   29   17    7    6   23   11   18   30  129  165   69   86   27   94   90   75  127    5   13   23   18   13    2   14   25   13    5
   34    0   45   21    5   14   12   20   44   12   12   91   79   74   37   96   46  151  161   47    4   13   23   18   16    7   10   23   17   10
   18   15    0   16    4   15   10    9   25   14   29  124   28  147   22  136   76  127  226  113    8   25   32    8    5    2   17   35   19    7
   19   15   11    0    2   15    3   20   36   18   35   24   43  133   30   69   85  155  240   24   35   11   24   20    8   11    6   11   12    3
   37   19   41   22    0   21   10    8   12   20    6   73  189  139   74   93   18  119  228   44    8   17   18    3   41    9   31   25    5   12
   22    7   38   17    2    0    7    4   30   15   36   36   60   59   45   53   31   57  116  100   12   11   21   24    7    4   11    8   18    2
   35    7   18   27   14   28    0   22   43   11   37   68   78  137   51   48   52  112   35   17   15    8   18   17   28    1   25   38   17    8
   15    8   18   27   14    9    8    0   45   18   11   22   39   48   80   34   27  149  201   76    8   23   24   22   27    8   29   31   24    6
   21   12    9   29    8   18    7   23    0    8   43   58   74   93   46  147   95  111   27   37   19   17    4   24    4    6   23   10   12   15
   19    3   39   22    9   24   13    6   13    0   32  172  115  165   53   68   58  158   81   83   32   19    7   27   21    4   22   35   23   19
   18   10   18   16    3   32    8    3   34    3    0   35   90  102   59  127   33   81  202   58   13   25   31   21   37   11   28   10   24    5
   41   10   32   20   11   22    3   25   31   18   42    0  150  143   37  100   55   23   46   88   25   23   27   12    5    3   21    5   24   20
    9    8   10   12   18    8   12    6   28   15   21  121    0  114   14  162   71  116   89  107   17   26   25   16   31    2   30   30    7   13
   27    7   28   28    9    5    9   17   24   12    6   46  161    0   49  111   44  187  232  166   14    4   24    7   39   12   27    5   14    7
   14    8   42    8   10   12    8   10   43   21   17  124  151   38    0  116   90   78   48  131   28    3   24    6   28    2   11   35   21   18
   13   16   10   27   11   12    2   14   13   20   38   43   79  157   76    0   91   56   98  134    9    9   27   14    7    4   24   16   17   18
   17    3   17   12    5   14    3   12   17    7   39  185  114  157   34   61    0  159   78   41   13   19   27   28    9    3   12   37    6   18
   39   12   16   14   16   15    1   14   12   11   13   54  139  123   89   97   81    0  104   82   27   13    6   15   28   11   19   29    3   20
    9    3   30   20    2   13    9   13   13   21   25  132   26  107   20   29   32  127    0  140   14   25   23   13   31    8   31   29   11    3
   29   15   23    9    5   25    4   13   14   17   20   27  154  135   53  123   58   28  189    0    7   11   24    7   34    7    4   28   19    5
   36    3   33    3    8   34    2   13   17   12   10  202  124   96   26  147   32  105  176  100    0   15   29   20    8    1   28   21   15    2
   10   19   12   29    2   13   10   27    9    9   27   25  109   23   95  100   30   73   62   62   28    0   10   20   11   13    9   28   24   12
   16   11   35   12    6    5    1   23   15    8   15   83  201   53   81   56   23  186  196   31   14    5    0   20   37    6   15   28   17   16
   28   11    6   24   15   20   11   13    6    7    4  177  151  110   29   42   57  188   26  129   14    7   27    0   34    1    5   15   10   17
   31    8   23   27   13   14    9    3   47   20   35  164  135  113   85  100   76   36  231  130   22   10   34    9    0    7   26   23    2    4
   14   11   46   19   10   18    3   23   38   14   34   37   63   68   77   28   22  137   25   80    6   10   29   15   23    0   12    9    9   20
   16   15   38   15   13    8    6   19   19   16   36  167   67   87   52  100   81  149   93  141   16   13   14    9   16   13    0   27    4   14
   39    8   10    4    4   20    8   15   29   14   26  197  103   21   20  146   87   66  111   58   15   16    8    5   32    4   21    0   24   11
   29    8   16   23    3   21    9    3   19   20   16  163  192  152   98  106   70  159  189   65   13   11   11    4   22    1    8   26    0   13
    5   11   29   24    8    9    8   17   33   12   36  159  175  147   43   69   75   72  112   42   33   17   29   18   14    4   13   19   14    0
    0    2    5   21   25   27   10    6    6    3   33   10   32    6   23   12   25   25   23   16   72   31  127  144  108  203  116   75   22   46
    3    0   13   26    7   26   27   16   15    7   20    8   32   10   24   14   25   23    4   11   85   61  105   38   22  164   28   28   69  124
    7    8    0   24   31   28   12    4   20    5   16   14   32   11   28    8   32   21   10    6   27   95  100   83   77  202   92   27   50   63
   11    2    2    0   16   26   28   12   18    5   37    5   30    2   20   36   22   14   21    6  159  130   72  101   85  165  137   78   78   67
   18    2   13    8    0   32   21   16   27    3   29   12   15   10    4   27   22   15   25   28  153  159   58  174   74  142  101   49   20  122
    4    2    2   25    4    0   10    2   29    8   42    9   23    7   31    7   33   16   19   25   31  119   58  133   74   50   27  109   19   95
   14   17    6   13   30   24    0    3    7    3   41   13   20   11   12   29   18   20   21    7   28   66   23  117  105   77   35   11   63  170
   12    8   14   18   23   16   25    0   31    5   20   20    3    4   28   18    5   15   27   23  130   32   36   56   96   50  119   93   64   35
    3    7    5   23   11   13    7    3    0    9   44    7   33    1    4   27   17   11    3   29   93  179   64  104  112   36  138   60   52  138
    2   18   18   16   22    8    4    6   29    0   39    3   16   10   25   33   19   28    5   40   99  172   39   97   65   33  107   53   49  168
   14    7    8   22   25   12   33    3   25    7    0    3   33    1   28   26   18   18   15   26  108   27  100   76   32  114   64   31   72  114
   14   11    7   20   29   16    4    4   26    6   17    0   10    9   15   36   29   16   19   38   61   24   57   53   50   75   66   21   14   87
    9   10   12   30    5   17   33   13   26    0    7    8    0   10    8    5   11    6   27   29   34  134   86   92   40  196   98   14   67  107
   11    6   10   18   26    9   21    1   16    6   11   15   32    0   15   29    4   11   16   22   78  183   43  141  101   70   35   66   38   56
    6   15    4   26   10   37   13    1   10    4    7    6   29    7    0    7   28   28   21   23   89  207   93   60   45   76  127   24   67   43
   12   11   17    6   19   11   26    2   24    3   22    7   11    3   23    0   31   12   22    5   49  183  135   37   72  159   25   40   30  101
   12    5   12   11   16   36    4   13   11    3   16   10    8    6   35   24    0   15   20   21   98   33   51  134   82   85   49  107   25   56
   16   10    8   25    5   23   26   12   18    8   12    3   35   10   33   12    7    0   14   26  111  201  143  153   20  186   93   75   77   62
    5   14   18    4   19   32   18    1    7    9   16    9   28   11   13   13   15   24    0   35  157  173   71  157   95  165  123  103   80   44
   11    4   12    8   18    5   25    6   12    7   15    9    7    7   30   21   11    3   21    0   56   76   21  131   20  226  134   40   24   45
   14   14   13   22   14   15   13    2    4    5   18    6   12    9   19    5   17   25   23   18    0  174   90  173  100  131  116   30   74   19
   11   17    8   13   22   25   10   14   19    2   42    7    5    6   32   28    9   20   23   33  150    0  112  128   82  100   21   80   80  175
   12   16   15    9   31    8    9    6   23    4   32   19   21    4   30   30   16   12    8   13  111  139    0  136  100   71   63   66   51  135
    3    8   17    5   24   16   10    8   28    2   35    3   22    2   10    6   33   23   23   13  142  164   30    0   88  109   82   78   15   21
   11   13    8   28   23   34   32    6   26    2   11    3   28   10   22   27    9   14    9   50  150   54   78   79    0   93   41   49   44  172
    4   10   19    8   29   13   29    5   30    1   22   11    6   10   34   28   26   15   14   47   66   87   40  121   38    0   82  106   52   46
   19   13   15   24   24   19   19    6   14    6    5   17   36    5   20   11   13   18   12   18  136  136   97   56   66  226    0   39   45   36
    5    9   19   26   25   33   25    3    9    6   37    4   24   12   31   29   12   16   22   24  116   44   67  174   64  214   81    0   78   96
    7    5   15    9   20   23   15   14   13    6   10   12   27   11   15   31   32   27    8   45  147   80   78   41   75  213  138   33    0  151
   17    5   17   27    9   12   15    2   29    3    5   17   11    1   39   35   24   10   16   23  164   34   58  185  107   46   22  101   64    0
    0   64  128  149  127   17   51   70    5   84   34    9   14   12    4   10   16    3    8    7    5   31   11   37   17   14   18    2   11   28
  156    0   69   87   39   21  133  139   51   65   24   11   11   31    2    2   21   14   19   14    8   11    7   12   19   12   21    5   11   22
   89  103    0   75  125   19  174   81   11   43   13    6   13   27    5    4    4    4    6    7   23   15    9   35    4    7   18    7    6   23
  129   80  114    0   23   37  178   67   51   17   31   14   43   14    9    7    5    4   21    6   21   37    8   32   11   11   39    6   12   26
  189   52  135  128    0   10  134   73   21   82   43   24   43   31    7   13   25   10   38    9    8   21   15    9    8   12   31    2   23   25
   50   37  184  137   35    0  201  126   40   99   13   32   18    9    1    5   13   16   27   19   31   37    3    7    4    4   32    4    5   28
  156  161  180   70   83   40    0  113   22   27   42   24   14   16    6   11   14   17   38   17   18    4   11   31   15   11   40    7   12   22
  153  123   94  105   76   33  182    0   46  101   40   14   11   15   10   10   35    8   10   25   15   39    8   29    5   13   29    2   12   30
  197   93   24  173  140   13   77   46    0   70   24    8   29   11    5    3    4    7    7   12   17   30    5   31   12   15   26    6   10   27
  169  106  106   39  135   40  144  177   49    0   42   21   22   10    1    7   11   14    8   14    3    7    8   12   16    2   16    7   18   19
  137   66  161  179  108   16  123  146    6   80    0   32   16   25    7    4   33    5   27   27    5    9   12   25    2    2   38    3   27   11
   72   19   90   96  132   16  155  138   19   59   33    0    5    3   10   13   31    7   16   13   16   20   10   13    6   12   25    6   18   24
  103   75  155  141   35   38   60  138   25   48   44    4    0   10    1   12    8   18   32   22    9    8    6   27   15    3    5    4   21    4
   61   17  113  173  112   49  157   71   27   33   11   28   26    0   10   11    6    4   27   10    9   15   14   16    8   12   12    1   19   29
  142   86  194  108  152   16  212   75   22   68   12   10   43   17    0    6    4   14    5   22    3   39    6   28    6    8   40    6   22    3
   48   35   29   64   42   21   86  115   32   63   16   12   35   26    8    0   19    5   13   18   14    8    4   17    2    6    9    4   18   16
  193   59  175   88   37   44   88  122   35   52    8   18   35   17    2    4    0   12   25   24   18   34   13    9    7   14   28    5    3   25
  186   94   77   45  135   35   94   85    8   25   24   17   38    9   10   10    9    0   29    8   19   45    2   17   20    7    9    7   24   18
  166  121   65   96   94   41  166   45   37   85    7   16   33   24   10   11    9   10    0   21   24   22    5   26    4    5   26    7   11   30
   19  102   22   55   15   11  137  122   47   38   28   19   36   25   10    3   13    4    8    0    3   12    6   18   11   15   35    7    6   28
  165  151  109  190  140    8  146  116   33   54   20   23   35    9    6   10   15    9   18    5    0   29   14   21   19    7   17    7   28   28
   76   26   25  100   43   17  184  185   30   49   32   35   20    5   10   12   22   15   15    3   19    0    3   11    5   11   33    7   24   12
  114  112   84   30  111   27  123   87    5   85   27   32   15   26    2    4   21   12   22   31    3   42    0   26   15    8   31    4    5   32
  132  148  196  158   54   21  142  106   45   62   27   34   25   30   10    3    6   18   20   27   31   16    8    0   13    8   25    2   19   10
  195   84   69  151   72   10   56  188   13   66   24   27   16   22   11    5   16   14   13   29   10   32   11   11    0   15   32    7   26   12
  113  163   43  160   72   39  163  102   10   77   22   34   30   27    9    3   16   11   16    4    5   27   12    4   17    0    6    2   19   33
   51  126   27   59  138   43  121  166   49   54   32   16   17   23    1    6   32   16    6   18    4   11    3   28    7    7    0    3    7    5
  167  109  177   63  121   42   27  118   42   88   34   32   39   13    3   11    7    4   39   29   27   12    4    5   10   15   30    0    7   16
  170  163  105   39   76   37  169  139   14   26   31   20   21    4    7   13   22   15    7   17   31   27    6   21    8    7   12    4    0   17
  150   89   94  113   16   48   96  131   46   29    9    6   37   14   10    4   34   18   26   25   14   16    9   16    9    5    7    3   11    0
    0   36  185   47  216   16   56   24  134   46   25    4   41   12    8   46    4   27    6   12    6   21   20    3   13    6   13   11   17   38
  108    0   26   30   72    5  110   72  102   84   24    2   17   35   16   12   23   19    6    6   14   27   16   14    3    8    6   17   12   29
   45   38    0   39   73   46   50   45  137   10    8   11   38   24    8   28   10    4    8    4   21   31   13   31   23    9   12   25   29    9
  169   64  228    0  185   40  265  131   81   25   30   11    5    9   20   22   17    7   21   13   19   33   10   12   10   12    4    4   24   22
   28  171  103   50    0   17  155   45   60   70   19    4   12   16   10   27   22   18   14   12   33    9    3   28   23   10   11    7   31   29
  103   81  212    6  203    0   54   56   95   26   10    2   11    8   18   31    3   29    9   12   32   17    4   15   27    2   16    7   25   21
   76  165  127   22  211   41    0   32   37   89    9   11   17   34   18   12   14   14   15    2    5   16   20   24   29    2   17    2    7   25
  113  101  175   26  129   16  103    0   28   47   17    9   11   19    5   32    7   17   19   16   35   34   11   26   27   10   13    6   26   13
  156  155  129   64  199   38   71  123    0   59   11   14   47   19   19   30   17    3    8    7   19   24    4    9   11   12   17   26   26   16
  163  151  148   34  153   44  268  125   81    0    6   17   16   22    6   18   23   21    5   19   27    3    5   22   29   10   11    3   34   40
  163  104  150   33  127   15  162   99   47   63    0    9   36   19   18   37    9    9   15   19    7    4    3   19   14    4    2   12   32   26
  139  127   84   11   99   12  207   38  115   44    8    0   23   19    2   40    7   17    2   16   27   20    6    3   14    2   11   27   30   28
  123  126   35    7  198   49   44  112   70   25   23   15    0    6   18   13   10    3    5    8   16   28    6   20   22    6    2   17   20   29
   38   77   53   20  103   29  159   64  163   86    8   11   25    0    5   22   13   13   13   21    9   28   15   26   19   11   14   18    4   32
   76   98  204   56  217   49   55   97   75   47   21   12   27   22    0    9   14   27   11   16    7   13   17    4    8   12    7   17    9   39
  128  107  161   66  212   40   56  108  122   16   29    4   21   32   16    0   20   11    6   18   32    8    7    5   18    2    4   25   34   33
  161  177  188   20  166   11   86   17   97   18   18    5   45   37   10   19    0   15    6   14   29   34    3    5   10    6   11    4   11   17
  154   74   90   22   99   17   44  137  170   83   12    7   11   11    6   33    7    0   19   14    9   32   21   13   10    2   19   28    9   12
   36   75   50   23   35   26  224  116  105   29   31   15   22    8    7   26   17    4    0    4   27   22   16   20    7    6   13   16   22   10
   21   83  133   25  193   36   86   35  128   58   31   17   34   10    5   20   21   17    4    0   13   16   21   16    4    5   18   21   31   16
  135  145  154    7   44   35   37   25  149   60   14    3   47    9   10   44    5   18   18   19    0   22   25   28   13    3    5   20   21   32
  119   68  107   35   93   15   99   23   63   83   30    7   44    7   16   24   13   26    4   19   30    0    3    3   22    8    6   28    8   34
   73  124   80   38   97   44  232   69   91   28   28   14   34   20   17   17    6   18   14    3    8    6    0   15   26   11   13   11   32    5
   69   94  128   13   96    6  183  104  102   94   23    3   35    7   16   22   21   24    4   22   28   13   20    0   20   10    8    5   16    7
  116  106  159   51   31   50  144   96  127   35   26    3    8   23    6   44    8    7   12   16   15   31   25   31    0    8   11   13   23   18
   27   48  191   26   35    7  124  107  102   17   25    3   11   37   12   34   12    7   16   18   28   31   14   18   11    0    5    6   12   35
  101   44   31   54  115   16  130  130   51   82    8   13    9    5   20   10   22   28   16    2   11   20   12    3   13   12    0   23   16    8
  100  107  131   16  104   42  113  124  154   84   27    2   45   33   20   21   12   24    7   10   27   28    4   17   21    8    2    0   35   30
  159   37  133   13   43   32  110   17  107   76   17   14    7   27   20   19   19    7   18   12    5   17    5    5   10    3    6    7    0   10
   79  168   78   26  164    5  155   34  155   32   11   13   23    4   12   17   20   19   19   22   12   12   14    7    8    3   13   27   18    0
    0  160   39   13   46   73   54   20   66   43   21   14    6    2   22   56   31   14    7   11   10    5   10   12   12   36    9    4   33   14
   46    0  180   35  145   32   23   21   33   57   11   42    5   17   34   41   29   16   15   12    6   12   14    7   12   10   29    9    6    6
   68   91    0   73   74   96   68   12   75  110   22   67   21    7   34    8   20   31    1   13    3   10   22   10    8   32   43   12   10    4
   88   24  197    0  189   26  108   13   63   64    7   36    5   15   33    8   32   34   11    8    9   33   12   10   14   54   37   11    9    7
   81   80  192  112    0   87  134   41   55   41    4   43   21   12   37   27   33   25   12   13   13   26   11    4    3   33   33   10   13    4
   90  151  175   88  145    0   17   63   15   63   27   45    7    5   28   41   27   16    3    4   15   30   24    4   10   42   31    1   26    8
   77   27  258   34   34   98    0   19   40   88   37    8    9   14   42   52   22   27    7    5    7   36   24   10   10   37   42    5   17    7
   75   86  241   72  266   53  136    0   26   49   21   52   24   18   13   23   28   37    2   11   11   31   13    6    9   50   14    6   28   13
   31   32  193   37  169   14   47   46    0   51    8   27   24    9    6   29   14   40    3    9   16   12   31    3    9   60   24    6    8    6
   62  154   44   40  104   45   39   40   53    0   29    6    3    5   27   48   17   19    5    3    9   31    6    9   13   16   19   11   32    7
   21   93   70   90  219   67   45   65   74   24    0   40   24   17   26   15    7   35    3    8   15   30    6   13    8   41   18   12   36    8
   85  133   39   42  163  111   68   35    8   51   39    0   22   18   10   56   28   38   15    4   15   15   28    3    3   44   42    2   23   13
   11  152   95   83  122   16   31   67   11   88   25   38    0    8   13   27   36   44    6   13   13   28   29   10   13   69   32   12   29    9
   72   84   38   25  226  117  113   57   75  102   42   43   15    0   32   21   31   11    3    1   15   31   24   13    9   32   33   10   37    2
   40  122  103  108  180   75   37   53   38  110   43   22   23    7    0   50    4    7    9    5   16    7   28    7   12   24   24    6    7    7
   37   81  260   46  266  103  126   77   22   14   33   23    6    5   32    0   30   42   10    7    7    5   31    5    5   19    6    8   40   11
   39   91  157  104   91   88  133   72   47   88   41   21   30    6   10   38    0   31    2   14    9   12   23    5   13   14   43   12    6   11
   72  112  108   37  174  116   73   31   52  106   14   40    7    3   22   46    6    0   10    3   15   33   30    4    4   15   16    8   29    1
   32   20   96   73  296   93   24   37   54   15   12   44   19   11    9   44   10   28    0    8    8   19   29    7    2   39   46    3   39   12
   57   61  237   41   58   55  109   12    9   88   21   10   28   10   15   17    9   20   11    0   12   26   24   10    9   39   47    9   14   10
   86   75  156  109  286   77  103   54   57  115   34   62   25   20   13   12   11   41    6    5    0    7   23    9    1   29   35    4   23    7
   40   39  201  103  156  121   24   35   72  128   22    6    9   20   36   27    3   43    9    3   15    0   16    7    6   16   32    9   18    1
   34   27   60   59   67   32   98   27   54   56   22    8    9    6   23   53   19   24   12   11    3   13    0   12    7   14   37    8   23    2
   59   99  167   61  272   39  123   69   70  104   24   25   18    7   43   27   26   17    5    1    8   30   31    0   12   10   16    4   12   13
   49   91   35   60   88   17   27   36   57   42    5   34    8   13   38    9   31   33    5   12    8    7   14    3    0   11   26    2   23    9
   58   65  118  111   46  124   81   66   63   62   18   61   31    3   11   16   14   29    6   10   15   16    5    7    7    0   26    4   26   13
   78   59  207   69  217  101  122   38   76  115   43   56   14    2   23   22   17   33   11    5    2   34   29    2    7   38    0   12   22    7
   67  163  108  106  179   78  133   73   12   41   29   45    9    8    7   49   34   40    3    1    9   34   22   11    9   45   17    0   13   10
   20  149   44   69   82   74   81   56   25   32    8   29   21   15   41    8   14   16   13   13   10    7    9    9    4   15   13    3    0   14
   25  101  230   70  234  100   61   74   76   39   16   55   23   21   12   27   26   37   12    7    9   15    5    7    5   49   16   11   37    0
    0  104   29  115   84   99  102  116   53  120   10   36   38    4    7    2   26   41    6    9   12   17    4   17   16   31   12    3    6   17
   71    0  143  181   60   24  119   71   59  109    7   16   41   31   13   13   14   33   21   22   11   23   13   15   32   31   13   15    2   40
  142  102    0  215   28   84  152   49   45  187    7   23   33   32   12   11    6   39   32    8   14    7   13    3   20    9   14   15   16   41
   49  120  107    0   99   57  128   85   11   47   10   25   34   22   15   10   28   12   22   13    8   27    1   13   23   11   12   15    7   31
   32   99   73  122    0   66   22   63   12  165    4   12    6   10    7    6   25   36   35   13    5   12   14   11   16   30   11   14   11   19
  171   20   48  138  200    0  110   84   23  172   14    6   32   19    4   23   20   25   32   10   14   20   15    2   10   18    4   16   14   19
  108   74   16  201   97   59    0   26   40  126    3   18   45   29   10    9   30    4   18    8   20   18   10    9    9   27    8    2   10    6
   49   33  122   58  155   31   55    0   38   98    4   17   22    8   11   28    7   24    8   14   15   21    8    8   25   24   10   14   18   25
   99   34   49   79  201   94  141   29    0   33   11   37   34   22   15    5   18   30   11    9   10    3   14   11   18   26    9    6   18   41
  120   95   30   34  120   31  143   38   31    0    3   17   42   25    4   15   42   33    8   10   19    3    3   18   27   13   16   20   11   31
  121  113  118   32  197   35  186   97   14   26    0   28   29    8    9   21   39   15   30   10   12   24    9    8   35    4   18   13    4   37
   62   18   59  193   59   76   33   96   49  112    6    0   46   22   10   15   25    6    5   20   20    4   13    1   15    5   15   17   19   10
   58  130  128  100   46   98   70   15   60   62   11   10    0   34   12   28   10   38   25   14   13   12   15    9   21   26   12   17   13   17
   59  117  130  168   28   52   41   94   42   45    7   14    9    0    5   19   13   42    6   13    7   15    4    3   12   31   10   16    7   25
   86   98  106   43   64   99   60  115   44   33    8   33   25   34    0   19   41   37   33   10   12   12   14   10   31   30   16    9    9   29
  141   64   94  167  138   11  127   29   24  129    6   19   20   22    4    0   40   13   24   12    8   26    6    9   26   14   11   21   16   12
   85   34   48   75  150   80  186   69   28  135   11   20   37   36    5   22    0   30   27    3    8   15   11    8    4   11    7    5   10    9
  115   99  102   47  135   53  143   27   16  156    6    8   13   33    6    4    7    0   24   21   19   26   13   13   22    9   16    8   19   38
   48   70  125  136   90   40  114   71   25   88    8   15    9   11   10   10    7   17    0   17   10   19   15   11   16   14   15   18   16   35
   84   94  136  201  153   84  174   31   53  177    7   23   45   24    3   18   24   21    5    0   11    6   13    9   26   23    6    4   11   28
   24   19   32   33  106   36   63   57    9  153   14   29   34   19    8   24   40    7   16   26    0    3   11   14   26    5    3    4    8   21
  159   81  108   33  187  101  103   48   54  186    7   34   44   23    6   25   16   40   11   19    7    0   10   17   35   22    8   20   19   27
   31   43  147  120  200   94  116   99   50   34    3   36   11    8   13    4   26    5   24   21   20   10    0   11    7   29   11   21    8    5
  130   70   41   99  188   84  171   80   50  156    4   12   21   17   13   27   41   17    7   25    6   11   15    0   33    8   12   12    8   41
   72   71   45   95   44   91   46   44   58  219    4   27   46   27   11    3   12   13   29   26   18   25    3   14    0   17   15    5    2   41
  140   23   24   92  197   34  141   20   21  106    9   29   31    5   14   10   29   24    9    5    9   19   14   17   25    0    4   12    4   13
  156   41   87   84  204   71  166   97   40   38   10    9    8    6   13   13   22   17    4   11   12    5   11   10   22    9    0    5   15   36
  136  100   23   76  135   53  103   28   34  226   10   15   21   13    7   17   25   30   13   16    2    9    8    4   22   20   17    0   20   11
   47   99   73  100   60  105  120   61    7   66   11   26   19   26    9   27   39   21   34    5   12   17   13    3    4   14   13    6    0   25
   60   94  121   22   60   85   92   50   12  130   11   30   18   17    3   27   41    7   34   26   10   19    2   10   29   16    6   15   18    0
    0   32    9    3   33   37   14   11   13   36   12   22   11    6   12    6   12   10    9   24    8  138  102   47  164  176  103  133   91   15
   35    0   19    7   19   30   15   15   13   15    7   11    7   13    9   22   12   13   20   19   22   87   59   11   44  196  131   58   88   29
   36   14    0   14   45    4   31   32   37   44   53   12    6   11   21   20    6    2   15   17   14   91  123   58  207  112  101   85   41   82
    6   38   15    0   42   41   30    5    9   34   12    6    7    7   18   34    4   10   11    7   26  141   56   26  142   69  141   58   75   78
    9   23   19    9    0   40   26   26   23    7    5   10   10   10   14    6   11   15   33   13   22   50   95   15  178   89  115  151   90   77
   24   39   21   10   22    0   27    7   43   21   36   16    6    3   19   35   13    8   25   18   23   98  112   27   53   30   85   91  173   68
    8   28   17   13    5   34    0   37   44   10   20    6    3   15   16   35    8    6   23   14   34  161   52   61   84   35   70   41   33   80
   46   17    8   21   38   31   28    0   26   30   27   14    6    6   24   32    5    2   32    4   24  155   64   43  135  133  137   57   24  106
   44    5   10    4   45   19   15   33    0   44   12   18    8    9    4    4    9    5   15   21    6   25   24   58   50  169  148   34  128   41
   27   19   22   10   25   12    4    9   33    0   40   16   15    7   24   12    2    6   16    8   30   32   88   58   47   64   28  144  110   73
   30   11    3   14   10   20   21   13   21   45    0   13    2   18   22   20    2    7   44    9   34   95   31   57   45   55   38  134  157   37
   19   14    2    7   30   14    9   32   37   44    6    0    7    8   10   25   11   10    9   17   21  167  120   11   39  154   21   89  115   82
   23   38   21   19   40   32   24   34   22   43   45    8    0    9   14   28    8    3   47    6    4   93   44    9   27  140  100  135   93   35
   23   27   10   10   22   13   15   17   20   30   24   22   14    0   18    7    2   14   23   21   22   75   86   12  146  175  132   77  132   16
   25   15   20    7   45   13   30   28   47   13   38   21   10   11    0   34    8   12   20    6    6  161  131   58   63   52   88   69  107  109
    7   39   13    2   42   31   32   26   44   25   37   24   16    2   24    0    7    1   45   20   32   81  142   60  222   51  114  159   89   50
   32   37   17   15   40    9   24    6   39   22   43   27    3    1   13   34    0   15   20    5   29   48  131   56  136  103  117   65   22   44
   26   18    6   13   13   16    5   17    7   16   52   26    2   19   28    4   10    0   31   18   13   50   64   16  217  118  133   71   65   59
   49   15   11    8    8   31   12   13   34   14    7   26    9    4    6   34   10    9    0    7   26   83  101   14  220  205  103   64   60   90
   30   23   16    6   15   18    9   32   45   39   11   25   16    2   12   28   12    5   38    0   34  153  143   38   37   30   68  116   90   79
   43   25    7    8   13    6   18   22   46   38    9   17   14   11    4   12    1   13    5    6    0  162   87   27  100  184  141   54   66   44
   40   29   18   13   44   13   18    5   32    5   10   14    3    9   10   31    8   11   10   22   10    0   58   78   98  173   63   46  151   99
   28   18    9    6   29    5   16    4   14   38   34    9    6   13   18   11    6   11   35   18   22   82    0   57  191  158   65   26   84   79
   35    9   15    4   15   40   20   36   24    9   39   27   16   18   18    9    5   10    9    8   13  123   67    0  223  111   42   24   67   65
   14   37    9   20   32   30    8   12    7   21   35    4   10   14   17   35   10    6   25   16   24   45   71   36    0   31   96  114  158   64
   20   26   21   14    7   37   29   13   20    7   45   25   10    9   20   15    4    9   34   12   20   96   22   23  208    0  121  154   74   83
   50   39   17   10   42   20   10    7   34   22   11   15    8    5   22   13    6    8   39   12   30  121   42   71   24  185    0  119   62   54
   20    7   11   17   13   17   18   13   20    8   13   18    3   17    6   17   10    3    7   13   14   55  139   13  122  206   70    0  119   31
   21   27   16   10    7   39   20   33   39   27   39   14    7    7   12   31    9   12   20    9   12   64  124   47   99   80  156   61    0   52
   42    6   12   19   14   15    9    4   42   44   16    5   15    4    4   33    5    2   32   13   31  120   83   19  215  169   65  150  175    0
    0   15   22    8   17    8    4   15   32   16   21   16   28    5   24   10   17    9   18    2   26   61   70  257  147   14   85   71  146   63
   19    0   41   19    1   34   26   12   13   10   23   13   13   37   23   17   14   19   29    8    6   60   32  213  128   61   36  107   69   83
    5   12    0    8   12    3   19   33    8   16   20    2   29   42   30   17   12    6   28    9   24   33   39  122   92  104   33  102  261   47
   29   26   53    0   17   23   11   44   12   17    5   22    4   10    9   18   19   12   15   13    9   44   90  128   62   60   36  127  232  119
   10   18   34   17    0   20   22   33   36   19   20    9   18   38   21   11    8   21   22   11   19   93   17   85  133   45   75   26   61   95
    9   25   49   18    3    0   32   51   15    9   27    6   26   49   17    3   13    5   22   11   32   31   29  139   53   92  102  142  259  117
   16   27   42    9    4   25    0   41   20   24   13    6    4   18    6    2   21   19   40   16   33   95   55  110  123   42   44   66  283  149
   11   42   13   11   12   22   33    0   26   20   16   19   19   19   25    8   12   23   14   14   18   35   88  213   50   20   83  136  231   56
    7   10   24   21   17   30   32   56    0   19   16   21   20   29   23   15    4   11   19    8    5   38   45  116  163   20   66   86  288  155
   23   22   60    4   14    5   19   17   20    0   12   20   18   17    9   12   14    4   27    1   11   38   13   40  168  129   22   78   64   87
    3   34   10   13   12   26    9    9    5   19    0   17   33   20   28    4   24   21   16    1   15   17   21   72  179  117   46   85   43   44
   28   23   54   21    8   25    6   32   19   10   23    0   21   35   17   15    8   15   34    2   23   90   10  242   37   55  100   89  215   63
    6   31   19    8    5   34   29   60    4   25   22   12    0   28    4   11    9    6   13   14   19   34   27  203  112  113   73   24  196   23
   29   17   14   13    2   32   33   19   10   25    9    6   29    0    3   15    4    7   22    6   25   52   68  178  118   63   40   99  266  126
   20   13   34   14   11   21   28   41   11   17    4    7   13   48    0   17    9    8   20   14    8   93   22   85  123   97   97  106   46  147
   30   40   27   13   15    7   18   14   10   20   12   13   17   49   15    0   21    7   15   15   11   66   28  190   82   14   39   21   98   33
   13   17   68   13   12    8   27   12   35   22   17   15   25   18    8    4    0   10   15   11   36   30    9   77   40   21   21   70  118   35
   27   36   11   10    9   10    7   42   21   11   11    8   25   30   20    3    4    0   12    8   33   23   86  195  170   99   64  113  155  153
   23   19   18   21    2   14   24    7   21   10   18   12    6   24   21    4   10    9    0   17   13   85   37   35   57   87   18   49   88   40
   23   38   52   20    4   14   25   20   33    9    4   11    4   30   25    9   11    6   14    0   26   52   30   61   53   32   92  110  168  137
    3    8   34   15   11   15   22   15    7   20   15   13   28   22   11    7   17   16   27   10    0   39   76  133   58  122   26   38  147   98
   10   37   40   22   13   21   13   37   19   25   15   10   10   40    5    2   18   14   36    2    3    0   39  202   31  120   75   92   95   41
   24   33   16   10    2    8   29   45   34    4   31   11    5   11   20    9   10    3   28   11   28   31    0   32  172  113   53  118  298  135
    8    8   25    8   17   27   25   53   21   25   23    2   14   49   27   16   25    8    5   16   34   76   23    0   21   95   81  117  272   61
   13   16   62   17    7   31   24   34   35   23   18    5   11   38   16    7   12   21   40    8   18   37   71  207    0  111   70   58  229   49
   24   12   20    5    7   27   28   17   20    9   22   16   30   26   28    7    9    3    7   10   33   17   69  260  101    0   39   90   91   75
   17   42   36   17    4   25   30   40    5   11   26   19   13   18   19   17   24   22   11    6   21   68   90  181  170   18    0   19   83   37
    8   29   11   11   11   11   31   10   24   19    9    2   33   36   10    4   24    7   18   16   35   76   70  106   70   80   11    0  202   61
    3   21   26   11   18   29   23   41   37   14   21   14   24   34   21   10   21    6   19   15    7   65   90  127   60   74   69   25    0   27
    5    5   24   11    7   10    8   41   19   23    4   13   23   23   17   19   26    8   35   11   11   29   54  222   96  116   94  104  171    0
    0   12    4   14   18    7    5   25    9    9   41    9   24   29   14   14    1   41   20   20   26   77  142   48   48   21  117   52  180  105
    8    0    8    6   39   13    9   12    6   28   14   41   11    7   28    9   13   10   48   19   24  154   43   42  134   68   41   91   67   76
   23   10    0   11   31   12   12   12   13   10    9   45   26   23   40   18    5   15   19   19   15   48  148   79   18   20   99   32   55   42
   19   10    2    0   13   13   12   26   15   26   34   18   15   21   11    7    3   19   31   15   28  172  129   16  173   83  194   61   76   80
   33   18    5   14    0    9   20   20    8    7   15   17   13   34   23    8    1   32   27   11   28   42  128   74   83   32  198  176   88   87
   11    5   13    4   21    0   37   23   12   24   49   19   14    6   18    6    7   17    7   14   30  165   22   35   35  137  107  105  178  159
   35    8    4    5    7    7    0   21   12   23   30   18    3   11   27   13    5   10   37    4   14  104   81   37  161  133   26  137   40   26
   39    4    4   10   10   14   18    0   14   29    6   24   11   33    6   11    7   26   25    5   19   30  129   37  173   74  134   57  220   19
   35   15    7    2   27    3   10   26    0    9   20    9   22    4   39   17    7   40    6    3    9  161  139   63  145  108  176  148  151  104
   26    8    1   16   27    4   20    6   15    0   16   37    5   25   24    6   14   30   24   11   29   99   27   57  186   28  160   61   49   28
   31   12    5   13   32    9   13   20   18    5    0   45   10   17    4    7   10   46   49    2   29   22   56   68   59  126  171   85  152   25
   12    7    7   19   37    9   16    7   19   40   33    0    6   31   16    7   10   45   45    5    9   18   81    7  128   78  182   98  127   28
   31   18    4   19   32    4   40   17   19   26    9   33    0   28   40    9    5   27   10    9   16   62  146   16   96   57  189   82  183  106
   14    2    3   18   40   14   11    4    5   37   35    9    6    0   38    3   12   37   14   18    7   49   79   33  128   46  156  106   38   80
   19    6    4    6   22   14   17   23    6   20   24   12   16   18    0   12   12   14   33   12   14   98   84   50  102   54   55   51  212   76
   40    9   13    3   19   14   30   18   12   35   43   22   19   11   22    0    8   10   15    7   33  138   41   31  133   16   62   59   93  115
   24   14   10    6   27    2   36    8   15   37   25   46   20    3   35    8    0   25   53   10   33  125   28   53  148   95   33   30   68  136
   25    5    5    7   15   13   16    6    8   31   35   33   19    8   20   11    8    0   53   18   25   90   18   67  132  131   82   40  131   88
   30   15    2    7    6    4    6    3    7   15   31   33   13   26   15    8    7   22    0   11   29  161   35   74  169  105   68  106  175   35
   24   19    6   19   21   14   44   26    6   16   39   42   14   18   36   13   13   31   26    0   33   68   50    8   72   31  174  107  108   94
    6   12   10   17   23    4   31   20   14   31    6   45   14    6   19    2    6   24    8    6    0  175   18   47  110  116  154   68  156  134
   23   10   10   19   14   11   27   25    8   41   35    5   15    7   35   15    4   44   33    8   24    0   50   24   59   21   29   81   63   78
    5   15    4   14   38   12   42   10    7   40   38   31    3   18   41    5    4   39   35   11   29  150    0   28  186   35   46   82  166   41
   22    7    8    3   31   10   33   23   18   19   41   19    6   18   16    5   15   37   27   15   27  159   49    0  108  125   76  123   48  107
   21   15    8    3    4   14   25    4    3   16   48   46   13   16   11    8    5   41   29   13   15   87   53   39    0  119  150   69   84   61
   38   15    2   15   24    6    5   27   20    7   33   28   13    5   18    8   10   12   11   17   10   78  125   61  129    0   22  112  109   77
   23   11    4    6   23    3   23   24   21    6   13   27   25   11   13   10    5   36   33   13   22   80  120   47  167   34    0   77  163  135
   19   21    3   16   17    5    8   22   19   41   45   43   22   28   19   14    8   28    9   17   13  157   53   68  144   81  154    0  198  156
   29   20    6    6   25   10   43    7    4   30   15   44    3   13   23   17    4   45    9    8   31  138   38   53   94   84   56   77    0  107
   26    9    9   10   10    2   21   24   14   30   11    8    5    5   16    8    9   15   30    4   13  106   81   68  181   38  119   72  225    0
    0   11   22   25    3   16   33   10   24   21    5   40   80   91   61  106   50   38   98  147   17   39    8   10   21    5    5   22   13   38
   37    0    5    7   17   26   33    6   19    8    5   92   57  151   66   43   95   32   77  163    7   13    6    8    8   16   11   21   41   40
   21   15    0   10    4   14    6   11   17   17   39  178   92   37   23   57   48   57   13  254    9   12   19    7   22   17   10   22   25   43
   31   22    8    0    6   12   23    7   12    9   22  248   95  101   64  255   74   36   98   97    6   21   13    4   13   10    4   11   22   36
   37    5   14   22    0   20   25    5   25   25   16  219   62   46   39  211   93   26   70  140   11    8   16    6   13    8   21   13   30   40
   22   16    7    8   17    0   36   15   20   19   26  167   23   96   67  198  109   18  103   84    7   25    4    2   17   12   12   27   10   51
   33   22    3   16   13   15    0    6   25   28   31  183   50   88   23  173   84   24   48  179    8    9   10   11   20   16   16   49   29   40
   36   23   24   13    8    4   32    0   15   14    8   58  101  168   46  138   50   67   71  133    9   23   17   10    5    6   16   30   39   33
   23    2   17   18    7    4   42    2    0   19   40  142   35  163   28  138   54   58   98  228   18   28    6   11   18   11    6    6   54   10
   19   20   12   15    3   15   19   14   21    0   17  192   58   92   45  238   12   21   46  109   15   32   14    8   21    9   10   43   42   46
   15   11   10   14    8    3   41    6    9   27    0  288   72   23   50   52   58   32   69   72    5   19   12    3   26   12   20   34   21   40
   35   10    6   17    2   27   15   12   24   12   18    0   60  139   62  260   22    8   14  231    3   30   10   14    7   11   16   55   42   13
    9   19    3   21    5   16   22   15   26    3   43  275    0  143   33  128   49   36   74  154    2   25   11   15   23    4   21    6   19    7
   15   23    6   20    9   10   40    5   16   22   21  133   99    0   68   27   33   62   14   46    8   10   10    9   31   12   23   21   16   33
   34   18   17   25   10   18   28    2   24   25   21  292   92  143    0  104   33   23   28  125    7   38    6    8   50   16   12   48   54    7
   16   17   13   11    5   24   36    7    4   24   14  108   26  139   57    0   52   68   93   83    5   19    5   11   41    2   12   24   50   46
   17    4    5   21    6    7   35   12   24    5   15   94   43  181   19   39    0   50   58   33   15   16    5   11   34    3    9   19   37   28
   19   12   19   21   11   16   16   14   24   17    8   46   87  180   34  234   98    0   63  184   12   41    5    6   28    4   12   19   23   10
   20    7    7    8    2   14   10   16   12   24   25  257   55  143   58   55  100   68    0  162   10   38   18   13   25   10   18   11   57   17
   17   24    3   25    3   24   41   14   10   22   18  233   84   44   36   38   68   29   56    0   16   24    9   16   34   16   15   44   51   10
    9   26   26   11   16    3   14    3   13   13   17   60   51   83   68  271   26   26   93   42    0    6   12   12   34   10   14   36   25   23
   28   23   28   10    2   22    8    2   22    5   37  298   73   91   33  146   50   45   14  235   10    0   15    9   32   16   19    5   43   52
   34   26    9    4   10    8   17   15   23    9   24  164   26   97   52  240   24   43  102   74    8   19    0    3   44    8   23    7   19   40
    8    9    8   14    7    9   13    2   15   16   10  176   84   26   68  161   20   25   59  129   12   29    2    0   26    5   23    6   36   22
    7   23   27   15    4   19   10    9   15   19   21  216   13   66   49  121   23   36   95   39    5   15    9    2    0   17    4   52   29   42
    4   10   14    7   10   23   32   11   26   24   18  255   83  139   42  262   92   56   79  136    3   16    2    6   35    0    9   38    8   48
    4   14   16    9    4    6   44    7   10   11   30  124   61  161   65   53   68   11   71   62    6   34    3    6   42   18    0   37   45   19
   14    7   19   15   12   10    4    9    6   12   30   61   48  155   65  268   84    9   11   54    3    5    9    7   17   11   21    0   17   27
   20   14    8    3   13   23   21    8   15   22   12  123   54  158   74   36   97   11   79   80    8   28   18   12   25    8   19   44    0   48
   23   19   17    8    5    7   37   11    7   10   43   68   12  177   56  218   30   52   35  271   15   16    4    8   14   10   23   40   37    0
  981  528  808  691  529  668  991  946  865  738  687  711  955  695  639  706  820  810  613  996  546  802  705  525  762  877  552  805  664  640
