   30
   10
    10
    0   46   49   81   56  121   59   87   26   64   21   67  115   51   13    9    4    4   19    3   11   16    6    1   17   15   16   22   28   19
    4    0   95   88   41  128   40   84  154   76   72   62   33   59    7   14    2   13   22    5    7    2    6    5   22    4   21    9    4   28
   20   66    0   16  110   60  101   35  177   96   21   21   50   94    2    6    2    9    4   30   28   11    1    3   18   12    5    4   29   31
   14   40   14    0   18   13  119   64  176   89   32  124   63   87    4   10    6    9   22   26   15   16    5    8   15   32   32   29   14    8
   15   57   16   88    0   80   22   43  145   73   19   25   30   32    9    6    8   25    9    9   21   22    3    4    7   11   28    6   15    3
    6   23  111   80   29    0   51   72   76   16   55   27  123   97   16   12    3   19    6   20   25   16    4    1   21   33   15   24    6   18
   39  161   78  119   59   74    0   89   30   93   64  113   16   19   17   14    8   21   26   25   11   21    7    2   18   11   24   25   13   15
   36   49   33   59   32  125   34    0   42   94   83  103   30   85    6   11    9   23   16    9   24   17    2   10   15   20    9   24   16   28
   13  147   15   35   77  123   45   65    0   56  100   63   39   96    9    8    7   17   19    8   33   15    6    2    5   16   12   19   24   17
   38   97  101   18   96  126   72   54  132    0   68   26  124   84   13   14    2   32   15   22   26   10    4    7    5    7   25   15   19    9
   38   38   68   67  146   54  103   21  154   21    0  129   78   33   11   13    8   15    7   32   30    9    6    8   17    8   17   12   18   10
   23  154   65   47   21   97   54   73   88   86   62    0   96   49    3    4    3   11    3   18   14    7    3    6    3   27    8   15   27   10
    5   32   86  109   73   94   90   61   70   22   33   38    0   55    2   14    2    7    3   26   16    5    5    5    2   37   20   16   25   14
   25  164   66   90  124   96   31   93   49   24   35  148   55    0    8   10    8   12   17   30    6   16    1    5   18   10   32   24   18   27
   39   44   95   69   88   70  113   50   95   82   46   90   51   51    0    4    5   31   26    8    5   21    1   10   22    5   31   31   27   22
    5  154   29   71   20   22   20   22   24   11   25   44  119  111   18    0    2   30   26   10    3   10    8    2   22   16   34   16    9   32
   16   59   39   37   90  123   57   47   51   56   72  110   51  100    7   14    0   26    6   26   26   18    1    4   13   37    9   12    6   33
   37   97   64   99  143   61  122   30   75   62   46   70  121   20   12    7    4    0   14   32    8    3    3    7   15   31   14    9   10   31
   30  111   58   35   38   35   71   43  151   79   91   57   25  103   12   13    7   22    0    5   31   16    9    4   13    9    7   23    7   15
   41   91   71  111  154   81   67   45   49   42   58   99   26   95    9   11    3   29   20    0    5   18    8    6    5    8   21   25   21   17
   28  121   56   71   87  108   57   39  164   53   26  177  101   49   10    7    7   12   24   29    0    3    2    5   17   14   14    7   28    6
   18   93   37  101  126   79  138  100   68   12   68  164   22   88    9    7    2   29   10    7   15    0    8    6   16   26   28    4    9    5
   37  113  113   60  151   52  118   55  167   50   37  162  120  124    5    1    6   25   21   16    8   13    0    5    4   14   34   24   24    8
   19   74   68  101   93   72   68   55   92   70   76  143   18  127   16   13    2   19   22   21   21    2    1    0   23   21    8   29   23   29
    6   42   46   63   90  122   17   16   79   93   50   71  113  108   17    9    6   13    6   17   26   11    6    6    0    5    8   16    9   13
   28   78   91   82   48  109   71   64  100   57   99  169   23   36    5   10    6   24   11   25   17    9    3    8   16    0   31   23    9    7
   19  167  100   66  103  113  133   98  152   48   35   79   67   83    9   10    4   18   11   26   11   17    8    6   11   37    0   19    4   19
   18  149   45   79   76   36   24   73   43   31   54  145   61   84   12    4    8   17    5    9   28   13    7    6   16   16   25    0   28    8
    9   21   27   76   34   59   28   75   31   53   47   79   51  108   17   11    6    5   24   23   18   10    4   11    9   21   13   14    0   34
   17   98  118  108   80   29   25   10  166   10   43   65   71   46    9    9    5    7   24    5   15    5    6    2   24   24   11   29    8    0
    0   77    4   62   66   40  144  100   48   30   65   38   78  104   15    7   16    1   32   28   39   27    8   14   11   12   12   26    4    4
   42    0   32  194   49   37  146   57   39   19   55   29  126  180    9    2   10   10    8    5   19   11    6   15    8    8    4    3   14    7
   21   54    0   29   72   56   72   95   24   39   99  153  117  112   19    7    4    8   31   20   29   38    7    1   29   10   22    9   10   11
   58   82   40    0    9   94   43  104   27   19   49  138   37  118   16    6   15   13   27   21   16   38   33    6   12    2   17   26    9   18
   73   23   33  230    0   53   91  114   33   32   68   70   38   70    8    3    4   10   32   17    7    6   40   16   26    3   29   22    8   12
  114   19   21   78   67    0  156  117   29   25  119  126   45  108   14    4   19    6   31   28   33   40   37    7   21    4   15    9   12   12
   30   12   15  119   18   70    0   71   18   45  116   63  125   32   17    7   10   10   15   10   13   27   29    1    9    7    6   14    9   38
   41   11   21   29   24   67   33    0   12   48   80   75  157   69   12    5    7    9    8   36   11   35   23   15   24    8   15   10   11    9
  103   84   29   90   66  106   92   62    0   23   92  119   99   49    9    8   12    2   10    4   32   36    4    5    8    6    6   18   10    9
   46   99   37   65   32  121   32   12   24    0   70  100  104  145    2    8    6    1    4   26    4    5   33    8    4   14   21    3   14   30
   63   24   18  149   23  128  146   65   27   20    0   63   24  115    8   10   10   11   16   22    9   11   19   10   29   15    9   23    8   11
   50   90   20   42   47   40   24   25   36   27  123    0   45  105    9    3   10   12   28   16   19   19   40   16    4   12   20   26    8   17
  124   93   35  107   37  112   41   74   38   28  138  214    0   39   20    8   18   10   14   32   24    4   30   15   20    2   17   29   16   24
   31   11   30   90   67   22   20   62   12   35   94  120  132    0   12    2   16    8    9   28   16   24   23    3   10   11   21   21   13   27
   67   49   20  193   23   44   86   38   44   16   46   39  103  122    0    8   21    4   32   33   22   33   38   13   20   10   18   14   14   33
   76   63   18   33   66   82  110   69   12   17   48  130   73   26   17    0   25    6   20   17    9   17   18   11   29    9   28   17    4   11
   18   37    5   62   54  104   18   90    6   46   85   93  161   92   18   13    0    5    7   32   34   17   29   10   28    9   27    6   11   30
   47   66   38   55   59   90  142   52   20   44   97  155   53  130   15    9   15    0   36   15   22   32   38    2   21   12   19    7   13   27
  124   95    6  226   48   13  140  109   13   23   64   24  136   87    4    3   25    8    0   16    6   31   22   12    5   14   17   11   14   23
   54   57   37  187   58   85   39   69    7   27   57   62  126   75   17   10   23   10   33    0   32   34   22   10    3   17   18   27    2   25
   90   82   26  183   22   65   77  117    6   50   24   88  139  109   15   11   10    5   32   21    0   31    8    1   14   11   13   24   13   16
   80   16   25  123   61   83   75   51   52   19   32  117  115   53    5   11    8    6    5    9   32    0   34   10   28   15   17    6    3   24
   70   12   33   83   48   44  115  104   17   47   52   56   36  168    6    4   22    8   14   13   33   18    0   10   12    3   25    7   12   22
  106   74   34   81   39  121   77   33   11   38   83   51  137  183    4   12   18    9   17   34   10   13    7    0   23   14   30   25    5   11
  112   87   11   87   37   90   35   68    9   23  108   26  124   26   12   10    8    4   27   32    4    8   18   10    0   16   13    6   16   12
  100   22   41  195   49   54   86   94   18   26  101   84  121  124   14    2   14    3    7   16   26   15   37   16    8    0    7   23    6    8
   41   52   33   79   29  128  152   56   52   29   18   24  114  137    6   12   14   12   24   28   14    6   18   15   23   16    0   18    1   21
  110   32   24  175   72   63   85   76   45   29   18  144  159   44   19    3   10   14   22   34    4   32    8    4    9    8   19    0    4    5
  104   17   10   98    9   63   52   39   12    5  129  197  103   80    6    9    7    6   12   12   22    4    8    5   29   14    6   28    0   14
   71   56   14   57   11   61  135   59   15   44   42   84   45  157   11    8   23    5   16    6   16   30   12   14   21    7    4   11    8    0
    0   26    2    8    2   11   13    9    3   28   20   19    5   25   33   67   20   31   16  103  139  113   98   87   20   34   69   50   64   76
   18    0    4   13    8   13   11    6    6    5    8   15    1   11  110   61   39   49   14   30   42   59  131   23   47   26   12   55   23   48
   10   14    0   16    2   14   12    4   11   33    5   33    7    5   51   94   45   15   60   15   84  113  116   85   53   72   28   78    9   40
   19   21    8    0    1   11   14    8   12    7    6   23    2   23   65   34   16   57   47   83  148   46   17   75   27   33   19   60   46   38
   23   28   15    2    0    7   14    1    6    4   21   14    3   22   83  107   61    8   58  109  138  118   21   31   51   42   46   35   63   24
   10    5    8   14    7    0   26    2    8    5   15   15    6   12   37  116   34   19   11  104  105   43  101   33   23  118   77   84   40   23
   24    9   19    7    7    5    0    4   10   19    4    5    5    4   21   87   33    8   38   93   59  105   28  129   22   58   73   50   19   51
    8   25    7    7    4   10   20    0    6   26   22   30    7    4   54   38   29   53   49  108  161   80   86   33   17   56   50   32   21   29
    8    6    4    9    4   20    9    6    0   12   22   33    1   32   58   81   40   22   53   93  121  168   57   20   30   86   84   36   19   11
    8   34   19   15    2   13   17    3    7    0   10   25    4   10  119   72   40   51   25   45  135  109   27  121   39  145  115  106   47   75
   23   25    9    5    3   13   24    2    5   18    0    3   12    4  130   64   23   49   27  114  159  114  106  127   46   98   33   71   61   29
    4    6   18    5    8    6    8    5   10    9   11    0    4   21   28   21   25   52   26   88  130   91   60   83   33  135  103   47   79   18
   26   32   19   12    7   16    4    1    2    5   20    5    0   11   40   95   27   27   26   46  127  126  136   29   49  135   68  111   25   50
   23    4    2    8    8   18   19    3    7    8   13   30    7    0  135   74   14   38   55   36   24  124   22   58   45  145   33   88   45   29
   20   28   11   10    6   15   17    4    5    3    7   14   12   31    0   18   67    6   36   67   54  120   96  106    7   14   71   51   10   21
    9   31   19   14    1   17   13    2    2   29   13   22   10   30   52    0   37   43   51   86  155  120   40   73    7  110   93   37   49   38
   22   33    4    7    8   18    9    6   10   18    9    6   12   30   94   33    0   31    6   73   67   77   86   98   25   37   56   42   63   19
   17   10    5   13   10   11   20    8    9   27    9   13    4   16   70  124   52    0   19  123   20   52   27  122   29   38   58   57   79   77
   11   18    5    9    2   18   19    7    9   23   19   13    5    9   20   36   61   51    0   68   87  118  126   55   32  136   86  128   48   29
   15    3   11   12    7   21   24    4    6   10    7   28    7    9   74   55   54   34   41    0   70   77  118  109   47  119  112   92   59   37
   22    5   16   13    5    5   14    3    2   34   17   22    9   23  135  137   31   35   60   47    0  148  127   84   22   85   41   17   26   46
    3   18    2    2    4    8    6    5    2   31   11    4    5   14   32   62   67   30   46   25   64    0  114   80   15   92   21  118   17   47
   14   25   16   12    4    7   20    4   10   23   19   13    2   20   40  143   54   33   48  103  148  108    0   88   16  114   29   74   32   73
    2   12   18    4    6    7    6    1    2   33    4   24    3   21   30   80   36   23   27   50   91   50   45    0   34   89   68   66   63   39
   15    8   13   17   11    4   11    6    5   30   13   22    3   30   68   28   67   56   31   31  141  128   36   45    0  122   84  113   66   58
   21   22   17    2    8   14   25    4    8   16    8   12   11   10   40   44    9   24   29   96   85  155   90   44   17    0  111   88   43    7
   19   34   18    4    5   14   10    3   11    8   12   22    6   30   95   80   43   18   46   72   95   86  103   99   35  141    0   81   35   38
    7   12    5   13   10   19    6    2    3    4   19   27   10   20   88   43   54   34   35   31  152   65  106   33   12  103  118    0   15   68
   15   16   14   13    8   21   17    4    5   28   19   28   10   31  138   82   10   49   18   14  108  127  140   73   23  145   43  124    0   74
   11   20   14    9   11    7   18    2   11   20    6   27   11   17  110  134   60   23   37  124   84   17   52   68   50  130   72   82   74    0
    0   15   18   20   19   27   20   11   10   17   16    6    3   25   27   47   70  174   49  166   64   24   56  104   90   36   14   56   38   23
    7    0   13   21    3   10   19    3    4   35   16   25    5   24   75   69   20   52   21  179   27   59   59  116   17   62   65   59   29   32
    4   11    0   25    5   13   14   15   15   22    6    4    2   26   39   71   87   73   70   23   80   16   29   73   52   22   64  145   45   66
    3   18    4    0   16   22   12   17    9   33    3   27    2   14   55   26  114  164   96  157   40   25   66  131  113   31   36  118   74   57
    1    3    7   10    0    7   16    6   20   13   10    4    7   22   72   39   35   24   70  101    9   55   37   77   67   49   69   98   25   19
    7    6   16   10    3    0    5    4   19   16    3   13    5   11    9   80   66   57  116  120   67   28   53   54  121   80   43  139   61   55
    6    9    4   24   20    7    0    2    3   29   21   23    9   24   14   73   12  173   52   30   90   40   70  139  132   13   60  152   38   25
    7   10   12    3   11   20    6    0    5   31   21   18    1   31   17   20  100   36   39   64   40   52   56   46  133   46   16  101   71   32
    2    5   11   15    8   20   17    6    0   23    4   24    8   13   75   26   46  136   21  130   10   48   27   79   86   47   48   88   52   44
    5    3   11    3   23   13   11    9    3    0    8   12    9   26   14   63  116  169  125   40   85    8   31   86   45   79   29   54   29   10
    7   13   11    9   16   21   13    5    7    9    0   24    9    7   17   78   18   61  119   55   42   12   65  131   39   46   41   78   28   51
    5    9   13    4    6   10    2    8   20   22   15    0    3   17   57   59   84   27  125   96   14   47   31   38   85   66   64  164   27   53
    8   12   12    5    5    8   21   14    3   17   15   22    0   21   34   74   90  117   67   61   54   32   57   45   77   35   37   68   62   43
    1   11   15    9   18   12   17   12   20   33   18   16    2    0   22   18   14  101  135  115   32   45   22   87   40   55   40  163   14   19
    4   14    2   22    5   13   19   16   19    6   15   20   10   28    0   34   53  154   85   30   37   42   74  118   87   41   59  105   52   63
    4    4   17   18   17   12   15   14   21   10   20   13    6   23   38    0   35   87   81   43   19   55   67   44   67   76   50  158   44   30
    7   17   11   19   18   20   16    6   18   29   21   14    7    6   14   12    0   94   85  214   78   55   11  155   29   82   19  138   62   21
    1    6    5   16   11   28    2    6   17    4    3    9    7   37   41   51   99    0   24  196   38   43   61  185  135   69   56  123   44   62
    8    8   12   23    3   21   18   10    4   27   11   12    2   15   15   20   34   98    0   39   86   34   15  129  124   46   68   66   71   57
    7   11   14    4    6   24   21    1    4   23   12    5    4    7   26   28   49   45   38    0   67   35   34   71   29   45   21  136   45   30
    1   11   11   20   13    6    7    4    6   21   10   10    7   28   65   62  109  150  112   82    0   61   25   64  128   12   52   27   10   13
    2   10    5   24   10   20   19   15    6   13   18    9    8   19   81   39   17   48   37  228   31    0   56   81   56   68   25   91   42    8
    1   16    9    6   21   21   17   12   14   13   16    7    6   15   70   51   37   62  134  153   85   11    0   43   71   19   23  103   27   42
    1   15   15   17    5   15   19   15    5    6    6   21    2   34   40   52  100   99  105   77   30   29   11    0  114   74   32   85   64   33
    5   15    7    6    3   19    8   18    7   27    2   13    4   31   41   70   66   31   70  106   36   38   76  134    0   29    8   60   28   55
    4   10    7   13   16   12   17   13   13   11   14   26    8   14   44   13   33   89   80  204   78   37   78   92  120    0   14   27   17   68
    2   14   18    3   14   10    7   11   13   28    5   20    4    6   68   37   35  177   24  144   57   52   73   61  144   72    0   28   54   61
    4    2   18   12   17   23   18   15   17   32   16    6    8   12   82   72   50  169  134   87    9   56   48  133   59   58   61    0   69   28
    4   14   14   13    6   13   15    5   16   22   14   13    9   24   11   36   90  172   79   52   42   36   28   80   18   49   35  193    0   69
    7   14   10   18   11   15    5   10   17   13    8    3    9    6   35   11   58  131   53   87   44   20   58  120   51   43   47  145   59    0
    0   23    5   11   13    4    5    6   15    4   22    5    3   12   42  135   48  102   24    9   97  117   96   72   91    9  110   99   80   27
    4    0   21   18   10    1   13    3    6    7   20    2   12    4   79   57   94   73   35   24   36   80   75  124  100   22  109   99   30    7
   24   12    0   13    9    7   20   20   23    5   26    8    5    5   37   96  110   54   58   23   16   95   56  133   71   36   63   95   34   45
   22    5   10    0    6    1   18    7   17   13    5    6   12   10   41  117  115   96   94    7   16   56   74   85   88   17  108   73   93   10
   12   19   22   17    0    3   10   13   21    4   32   10   12    2   93  150  128   98  107   14   75   94   75   82   47   42   89   87   75   47
   26    4   13   13    7    0    8   17   33   12   11    2   15   10   39   95   95   46  150   23  130   62  165   59   59   34   87   37   22   47
   25   10   18   14   10    6    0   27   19   12   25    3   10   15  154   97   14   12   84   31  144  116  124  122   52    8   57   14   35    5
   25   13   19    2    5    4   24    0   16   13    7   11   11    3  100   25   47   80   43   20   52  121  149   63   90   13   15   52   13   16
   25   14   22   17    2    3   15    6    0   14   10    2    5    1   28   33  132   83  110   21   20   42   99  154   70   19   19   62   93   30
   15   11    6    8    4    6    7    7   15    0    5    4    6    7  113   70  110   39   81    6   28   61   43   81   77   26   43   60   97   46
   17    7   16   12   11    6   17   30   10    7    0   10   15    8  141  110   79   87  132   25   64  114   89   46   66    5   27   16   90   20
    4   12   17   11   13    0   22   11    5    1   20    0    5   12   55  102  121   96   62   12   54   87  108   75   94    5  115   27   69   45
   12   10   19    6    8    6    2   29   18    4   32    2    0    9  117   79  112   74  142   20   77   46  158   45  110   14   63   77   28   43
   10   22   20   15    5    4    2   31    5    2   20    3    9    0   29   96   27   41   34   21   66   57  125   35   74   14   85  100   24   26
    3   12   14    4    6    5   18    6   19    7   13    8   12   11    0   97   18   81  126   19   95   17  106   43   62   31   17   46   63   18
   23   22   12    8   13    3   15   11    3   11   23   10    1   16   24    0   18   23   16   24   52   18   82   26  109   37   27   39  102   41
   21   16   22   13   10    1    4   15   11    5    5    3   15   15  121   95    0   37   18   23   57   40   20  130  110   22   91  104   19   16
   14    4   11   10    7    6   17   16   17    3    5    5    4    7  137   35  106    0  147   18   30   28   54   56   34   33   68   32   71   39
   25   13    3   12   11    5   16   23   26    1   32    5   15   13   31   17   31   87    0    9   64   78   86  148   16   31  107   21   97   38
   10   13   11    6   11    2    2    9   26    8    7    8    7    4   75   48   22   69  148    0  150   44   27  133   71   13  102   80   44   47
    5    6   13   13    6    4   16    5   16    5   25    4    7   12   99  137  104   37   41   11    0   66   34   23  113    5   46   92   76   30
   26    2   17   17    9    5   22   24   21    5   22   11    5   10   21  149   57   58  129    5   60    0   33   60   82   16   96   36   55   39
   22   16    6    6    6    2   19   31   26   13   11   11    8   13   57   91   29   91   23   28   41   32    0  108   61   35   72   16   80   30
   21   19   12    7    3    1   24   29    4   11   25    1   15    8  132  122  102   10  146   23  111   79  135    0   97    6   28   89   73   10
   26    4   23    9    5    6    8   22   33    7    7    7   14   10  139   88  119   89   37   26   48   83   41   71    0   30  105   81   86    6
   11   12   15    6    3    3    9    7   17    4   22    6   10    9  126   75   24   45   77   29   47   33   59  132   25    0   96   48   56   30
   24    6    8    3    7    3   20   13   19   10   13    5    2   15   36   57   28   38   21    8  145   70   33   97   70   29    0   22  100   29
    7   21   18    3    2    1   19   11   35   10    5    4   14    3   80   71  131   41  142   13   61   32  126   61   89   42   83    0   93   10
   24    8   19   13    8    7   13   23   13    8    8    5   13   10   62   89   68   14   83   11   86  128   96   46  109   27   90   39    0   44
   23    5    3    6   13    0   17   22   13    9   24   10   14    6  118  141   51   10   98   17  126   86  152  116   48   20   25   28   51    0
    0   94   55   48   46   97   90  202  120   58    9   62   26  118   26    6    8    6   16   32   17    6   13   30    2    6    4   17    7   38
   92    0  120   71   41   86   49  147   35   13   45  127  120   79   14    7   11   22   16   16   31    5   10   26    7    6   18   10   17   42
   38   55    0   16   21   48   89   24   93    8   50   38   66   12   15    9    7   17   18   36   20    1   23    7    8   12   23   11    8   31
   43   57  151    0   94   38   80  141  148   73   51   48  128  100   18   35    6    8    7   42   25    2   21    8    7    3   22   19    5   24
   93   68  108   48    0   36   36  200  114   32   40   26   92  102   11    5   21    8   25   23   22    3   18   32    9    3   24   28   16   23
  136   25   88   72   61    0   22   37   75   44    9   92  101   90   23    5   17   19   27   13    6    4   21   16    3   14   15   10    8   16
   42   66  102   80   28   21    0  204   25   61   50   48  141   25   23   32    7   10   13   12   28    7   25   34    6    7    5   17    5   20
   25   21  130   41   20   98   76    0  143   17   43  109   40  101   11   15   10   11   21   14    8    2   15   26    9    4   14   28   12   29
  114   34   78   53   42   71   88  200    0   61   47   25   36   33   20   33   11    4   14   16   34    6    4   21    7    2   16   17    4   15
   16   60   56   63   37   24   77  145   75    0   27  114  138   65   24   13   15    6   14   27   13    6    4   12    1   12    6    9   11   19
  105   24  153   58   92   78   85  180   72   61    0   49  140  110   15   16    7   20   28   28   16    8   19   30    5    7   22   21    6   24
  142   90   39   11   85   59   73  124  125   33   24    0   19   19   17   39    4   12   28   25   30    9   20   16    6    8   17   22    4    5
   54   58  103   79   47   79   70   27   50   67   33  119    0  108   20   35   13    7   16   18   27    2    9    5    4    2   15   28   12   27
   71   21   48   30   24   41   32  167   66   69   19   24   74    0    9   23   13    7   11   19   32    9   10   31    3    4   19   21   10   41
   66   26   82   64   20   84   28  138  151   46   20   67  128  104    0   26    4   23   18   25   21    8   10    6    4    2   11   11   16   36
   39   55  105   64   75   44   20  149   26   58   53   29   92   62   17    0    9    4   15   24   39    1   21    7    7    4   13   27    7   22
   96   17   88   83   34   16   67  173  142   43   23   49   37  113    8   10    0   13   22   32    8   10   14   21   10   13   21    7    7   38
   42   76  154   63   82   25   38  128   94   47   28  100   62   49    3    4   12    0   24   20   23    3   15    5    6    9    3    4   17   28
  116   61   84   88   74   81   16   64   54    7   34   62   28   51   25   40    5   18    0   27    5    1    7   20    2    1   21   24   12   18
   57   69   87   87   17   43   56  139  143   55   34  122   86   23   22    5   14    8   14    0   25    4   17    5    6   13   23   29   15   41
   20   36   49   35   94   17  105  202   39   72   40   34  135   69    6   26   10    8   13   41    0    4   11    3    8    8   19    9    6   22
   35   82   55   54   30   62   45  186  102   36   49   25   78   38    6   27   12   19   22   36   31    0   21   18    2    5   16   20    3   26
  112   42   49   24   12   21   81   56  130    9   21  132  148   67    8   21   16   11   27   41   30    7    0   21    9   14   17    4   13   36
   66   72  108   39   90   70   78   82  143   14   29   71   76   26   16   30   10    3   13   17   17    2   11    0    3    4   15    6    3    5
   73   30   20   81   64   87  100  127   95   19   46   87  119   13   23    5   14   10   26    5    8    8   24   26    0   11   22   24   15   39
  116   94   76   86   63   63  120   48  126   60   23  131   65   45   26    8   21   17   12   19   26    3    7   34    1    0   20   11   11   16
   44   15   26   80   61   85   14  160   68   47   30  120  139   37   11   29    6   19   15    6   16    5   13    4    9   12    0   15   10   24
   30   82   19   36   94   64   48   72   87   28   12   25   55  110   20   23   14    7   19   11   24    8    7   33    5   10   23    0    2    8
   85   13   28   16   67   76   80   60   98   26   28   27  149   32    3   19   17   22    4   19   11    6   12   23    1    4    6   14    0   26
  126   69   64   56   43   43   86  126   18   45   39   56   80  103   16   13   22    9    5    4   32    8   19    3    6    8   22   14    7    0
    0   47  130  121  149   84   60   34   54   61   55  101   90   61    3   24    4   27   15   17   14   19   15   26   17    3    2    1   11   14
   81    0  158   74   47   68   30   64   87   43  148   22   53   62    6   18    7   13    6   29    7   15    8   15   24   14    1    2    7    7
   19   81    0   35  145   63   55   22   85  111  155   96   35   54    4    4    2   17   12   10   16   17   17   25   14    8    6    3    2    9
  101   26  119    0   47   34  104   16   36   69  107   74   55   96    7   14    1   22   13    7    7   23    3   19   10    1    3    7   15    7
  143   86  141  104    0   15  115    7   58   57   35   81   11   49    5   19    6   21   19   29   13   20    4   19   20    2    7    5   16    4
   51   47   72   86  106    0  129   46  103   75   54   61   80   75    6   19    2    3    7    9   15    2   15   20   13   12    5    8   20   16
   60  102  131   33   58   87    0   61   21   30   91   55   22   54    3   11    3    9   16   34   12   18    9   12   10   12    1    6    8    7
   40   67  166   92  106   57  139    0   92   84  146   11   30   72    1    3    5   16    5   32    6    2    3   17    7    5    2    2   13    8
   67  147   66   37   57   43   70   16    0   42   49   18   62  147    5   11    8   15    9    7    9    9   19    8   26    5    5    6   11    6
  147   79   30  100  142   29   62    6   78    0   63   45   38  127    2   22    5   22   21   10   14   15   21   14    7   13    1    3    2    2
   44   19  103   68  120   41   70   52   28   65    0   37   34   85    5    8    4    5   22    4   16   11   21   22    3    4    1    7   17    2
  116  141   46  184   97   49  143   12   74   13   96    0   75   76    6   23    9   21   16   21    6   24   27   31   24    6    1    3   19    2
   60   67   34   65  142   83  102   61   91   63   31   57    0  147    2    5    4    3   19   33   14   20   12    7   19    1    6    7    9   17
   60   24  146   82   47   24  126   27  123   45   46   24   84    0    6   21    2   23   19   18   15    4   26   23   12    3    4    4    8   13
   98   84  109  173  152   19  102   66  117   50   83   52   68   30    0   11    7   14    9   20   16   19   11   10   28   14    2    2   16    1
   33  145   28   21   23   12   15   31   73   67   71   24   80   33    5    0    6   15    4   15   13    8   24   17   11    8    8    3   10    8
   57   87   30   98  150   11   57   59   39   52  103   82   18  112    3   18    0   17    4   18   14    6   19   25   12    6    5    7   10   16
   32   85  151  137   60   47   20   16  110   88   61   14   63  119    6    4    1    0   20    5   15   18   15   27    6    5    6    3   20   10
   65  112   19  170  152   78   89   10   29   35   51   51   74   63    6   12    3    6    0   34   13   10    9   13    4    9    3    5   15   13
   36   63   70  179   46   23  105    7   60   86   90   44   64  138    7   18    5   12    9    0    6    5   26   26    6    3    4    6   10   15
   27  129   35  153   23   48   89   15   95  107  200   36   38   58    2   23    2   14   13   33    0   11   16   12   19   15    8    4    6   13
   87   67   80  116   27   67   66   59   14   37  184   13   10   19    5    7    7   26    5   29    7    0   20   20   18   11    7    5   13   10
   69  161   60  106  105   63   22   23   72  108   41   74   11  128    7   10    9   19    3   31   14    6    0    8    7    4    8    8    7   10
  144  161   62   79   65   78  116   17   56   20   24   64   25  134    2   18    4    9    3   13    2   23   24    0   19    3    7    9    2   15
   75  102  110  111   41   45  115   16   98   37   45   26   61   17    0   10    8   10    3   12   11   14   18   21    0   14    3    9   12   14
  158   97   96  170  116   35   94    9   70   80   43   89   61   61    5    6    4   14   20   33    4   22   18   27   22    0    6    7   17   16
  119   60   61  112   34   42   33   17   14   19  201   77   84   74    3   13    5   14   15   27    3    7    6   10   20   14    0    3    7    2
   41   82  186   49  143   76   39   26   25  106  179   36   56   94    2   19    9   20   15   11   13   12    7   24   28   15    3    0    8   16
  126   37  175   97   18   66  126   62   41  116  173   34   89   66    2   10    1   13   14   16    7    9   18   23   29    2    8    2    0   15
   47   50   44   53  142   85   47   63   30  105  194   17   89   58    4    9    2    9    5    3   10    5   16   19   16    5    2    6   12    0
    0    5   15    3    5   17   22   37   10    9    2    6    2    8   41   15   22   93    6  101   46  153   48   32  127   31   91   44   87   21
   23    0    4   18   16   21   21    6    8    2    8    8    4   19   24    7   72   99    4   90   37  110  103   22  102   30  126   79   71  102
   35   13    0   20   15   21    7   22    6    8    6    6   14   21   52   15   38   43   39  103   12  142   76    5   40   26   64   60  134   71
    8   20    5    0    8   12    4   28    3   11    9    8   10   21   53   14  120   18   42   15   16  170  115   34  185   29   75   26   23   44
   11    6   15   15    0   10   22    5    7   10    2    8   10   12   90   38  119   37   35   54   57   60  105   39  155   38   49   69   78  133
    7    9   10    7   18    0   19   11    8    3    2   10   18    3   38   41   52   61   30   19   43  105   56   43  205   11  100   88  123   86
   20    4    6    8   12   29    0   22    7   10    7    9    7    9   75    8   60   25   39   41   42  121   28   27  122   21   37   75  101   40
   13   20    2   20   16    8    6    0    2   11    5   11   11    4   30   33  177   89   10   98   18   96   60   21  125   41   21   93   27   35
   18    5    3   19   15    9   24   19    0    5    8    8   17   23   68   22   53   19   29   60   26  107   88   19  163   23   55   61   78  123
   12   13   12   11    3   21   29    7    5    0    8    1    3   14   71   31  144   12   24   31   17   31   36   35  107   37  131   58   99   32
    7   15    4    9   21   19   13   40    7    5    0    3   15   10   25   24  173  104   31  100   56  145   23   29  183   19  138   24  104   17
   36   14    3   22   14   10   37   18    5    5    8    0   14   33   33   31  172   17   23   19   17   29   52   35   39   43  123   43   75   45
   22    4   16   18    9    8   29   40    7    3    2   10    0   28   26   36   61   28   38   32   31   44   45    8   46   40   73  134  100   33
    5    9   16   19   19   13   12   33    8   11    8    6   20    0   60   43   92   98   15   79   35  147   36   34  128   34   29   69  107  115
   17   20    2   16    6   24   23   13    5   10    3   10   17   10    0   19  173   56    8  101   65  126   83   32   48    5  121   58  109   28
   23   20    9   26   17   19    4   26    8   11    2    1   18    9   35    0   61   47    8   42    9  155   51   37  102   35  116   19   83  152
   27   21   16   23    8    4   37   32    6    8    1    1   14   12   23   13    0   25   39   58   73   74   88   40  120    6  125   59  119  133
   33    9    9   15   10    3   22   33    1    8    5    1    6    5   90   35  132    0   27   17   64  104   22   42   94   34   58   93   57  118
   23    9   11    6   17    7   37   10    2    8    4    4   16   14   79   24   18   22    0   17   36   99   15   18   60   35   17   68   51  107
   18   13   12    9   14   26    4   32    2    7    6    6   11   34   78   16   64   97   11    0   85   56   85   40  101   17   19   89   18   96
    5   14   20    8    8   23   37   28    8    7    2    5    4   27   40    9  134   51   28   71    0   55   83   33   52   13   33  144   82  126
   14    7    4   23   10   21    8   21    1    2    3    7   13   31   64   10  151   86   31   83   46    0   36   32   61   31  138   62   44  153
   12   20    3    8   11   20    4   39    9   10    1    3   21   24   71   22  165   59   23   20   84   54    0   10  142   20   84  118   44  148
   18   11    8   14    7   15   38   13    9    5    5    9    2   37   17   35  146   43   19   70   74  104   82    0  181   40  116  153   29  110
   17   18   11   18    5   23    6   10    7    9    4    8   21   12   28   21  114   84   17   50   43   99  111   44    0   32  118  105  110   81
   34    5    8   15   13   24   35   30    8    4    3    7    4   11   46   24  107   24   22   95   23   69   40   26  169    0   32   64  124   20
   29    7   11   16   20    5   38   21    9    3    6    4    5   12   73   32  173   67   20   17   44   31   42   19  101    5    0  152  124   90
    9   15   19    6    8   18   11   13   10    8    1    5   15    6   50   17   26   79   17   68   67  117   84   47   92   29   69    0   39  134
   36    6    6   29    6   14   23   29    3   12    5    5   11   17   80   22   89   17   33  107   14  106   18   19   92   15  107   93    0   73
   14   12   10   23    7    3   25    9    9    5    9    9   10    9   90   17   85   62   29   93   30  168  103   28  115   30   76   32  125    0
    0   17   22   13    3    9   10    8    3    3   27   15   17   14   82   76   37   16   55   48   37   24   91  114  168   38   19   64   18   30
    3    0   19    2   14   10    6    7   13    5   16    3    2    1   36   33   51   67    9   24  106   92  118  176  116   47   64   82   24   63
    4    7    0    8    5    8    7    2    4    4    5   25   14   11   39   44   57   43   35   27  149   65  111  128   94  173   62  105   11   66
    6    7    4    0    9   18    7    2   14   12   18   18    4    3   75   18   49   82   90   42   43   34   74  173   99  135   57   64   29   73
    6   16   23   12    0    7    2    4    6   11   14   23    6    4   34   30   45   45   44   41  169   39   59  171   21  173   59   93   37   95
    7   17   23   14    2    0    2    4    2    1   26   10    7   13  133   41   19   45   63   42   71   25   97  116   99   53   93   59    4   25
    6    6    6    3   15   12    0   10   10   12   19   16    9    9  105   24   27   25   41   16   83   57   19   74  174  155   37   79   14   92
    5   15    8   17   14   11   12    0    4    9   23   23    4   16  129   68   20    9   43   15   26   75   28  158   95   55   63   44   45   99
    6   18   16   18   15   20   11    4    0    5   20    2   18    4   82   24   50   11   36   45   89   78   43  146   83  115   98   26   41   95
    4   18   17   14   17   16   10    9    8    0   27    5   22   13   28   24   39   63   17   50   40   37   65  104   37  108   50   83   33   50
    7    9   27   10    4   15    2    3    6   10    0    6   12   12   92   10   41   73   28   13   85   50   55   71  156   82   20   13   20   83
    7    9   11   17    3   16    4    4   14   13   17    0    4   15   72   11   27   45   24   26  122   52   65   77   54   96   52   13    7   14
    4    2   15    5    9   30    3    2    7    1   16   17    0    7   55   57   12   64   67   47  111   75   41   88   48  152   44   70   43   52
    3   15    5   13    3   46    9    3   14    8   19   11    6    0   32   51   21   36   80   11  219   28  112   22  139  130   76   66   11   49
    7   13    6   17    6   11    3    7   10    2   23   19   19   15    0   30   19   71   92   57  108   10   69  160  138  137   75   35   34   85
    5   15    8   15   13   30   11    2   11   12    4   18   22    8  119    0   34   13   22   55   96   59   54  119  102  142   37   50    7   95
    7   20    6   14   16    6   10    3    1    1   25   20    9   11  108   31    0   23   78   26  178   28   44   29   43  112   22   57   27   59
    7   19    3    6    9    6    9    2    6   11   21   15   11   14   27   36   53    0   65   17  108   42   92   52   96   64  100   97   42  101
    5   12   21   18   17   44    4    6    2    6   24   21   16   16  110   61   78   45    0   11  106   14   54  161   40   19   53   49   18   44
    2   13   25    8   14   24    3    9    6    3   20    7    3    3   61   29   59   51   33    0  130   86   60  137   91   53   78   46   29   87
    6   20    7   12    4   28    4    9   14   12    6    7   18   11  100   80   27    9   60   18    0   51   60   76   31   24   80  101   16   64
    6   11   19    2   16   19   12    3   11   10   18   13   10    5   29   80   77   44   52   15  190    0   63   61   36  117   89   17   24   20
    7    4    8    3   14   23    3    5   13    3   12   15    8    8   78   36   33   41   63   13   42   91    0   69  139  173   61   82    5   38
    7    8    8   11    3   32   12    8    8   10   27    7    7   10   35   11   63   14   83   37   49   49   68    0  166  192   85   30    6   80
    4   20    3   11   11   47   10    6   13    3   11    7   24   14   78   77   10   89   69   33  196   95   71  113    0  170   40   86   25   22
    1    4    6   12   16   18    8    8    9   12   14   26   16   15   43   75   30   45   50   44  211   69  113   72  186    0  103   41   41   52
    3    8   14    5   14   23   10    7    5   12   12    3   20    8   65   16   18   81   24   56  118   42   42  108  117   60    0   94   27   27
    6    3   10    7    2   49   12    5   12    2    8   11   13    4   36   38   61   77   40   11   84   47  115   55   83  156   70    0   22   52
    4    2   14    8    4   40    4    9    2   10   19    3    8    9   55   27   72   26   64   55  179   94   46  156  164  177   31   45    0   23
    3   18   18    6   12   15   10    3    4   11   20   12    9   13   74   47   16   64   91   21   70   10   73  165  182   82   65   70   29    0
    0    3   30    6    4   11    7   12    2    7    4   15    5   13   72   69   12   35   47   63   41    9   79   76  110  138   46   66   91   31
   22    0   15   16    4   18   16   19    3    8   21    8    7   12  189  276   39   43   16   99   94   51   24   60   48   26   47   33   69   33
    5   19    0   13    4   31   31    8    9    4   19    9   13   10  117  146   70   20   17   68   27   22   35   53   78   16   66   50   20   38
   26    5   10    0   11   19   31   21   13    1   26   28    2   12   73  165   25    7   31  115   96   15   60   20   97   44   33   43   42   25
   27   14   17   10    0   11    7   16    4    3    3   15    6   13  162   64   67   42   42   81   11   20   67   19   68   85   11   20   22    9
   19   12    6    2   13    0   23   21   12    9   26    4    6   18  182  153   11   61   40   19   92   66   87   76   59   78   10   33  133   49
    9   17   31    8   12    9    0   22    8    7   16    4   13   17   36  117   45   41   12  100   69   12   13   95   95  116   40   28   37   28
   20   12   13   11    1    5    3    0    2    6   21   27   10   17   70   57   63   20    8   59   40   50   81   50   99  113   11   28  122   23
   22    7   27    4   12   14   11    3    0    4   24   24    1   11  206   82   59   27   32  105   30   39   15   63   19  141   15   27  150   13
   26    2   30    9    9   37   28   20    5    0    7   23    6    3   91  221   46   47   31   60   18   49   33   80   67   62   33   13   67   43
   12   13   14   15    2   35   27   12    4    6    0    4    6   10  172   72   16   63   35  140   55   60  113  120   79  137   65   42  125   24
   10   11   14    8   14   19    9   17    4    8   19    0   14    4  215  153   34   33   48  156   22    7   94  116   56   19   43   43   99   25
   33    4   14   16   14   18   10   20   10    2    9    4    0    4   38   67   73   18   14  125   16   56   47   67  121   33   26   76   64   21
   24    6   15   13   14    7    9   21    7    8   23   23    2    0  199   65   46   13   20  118   11   62   64  128   98   93    8   83   22   16
   27    2   12    2   13   18    7   17    4    6   20   13    9    7    0  107   62   31   11   98   89   36  111   58   18  117   17   61   64   26
    5   12   25    4    2    4   29   21    5    1   22   17   12   17  113    0   29   31    9   51   52    8  108   71   74  122   44   81  118   29
   33   14    5    9    4   22    7   21   15    6   23   14    2    9   30   53    0   17   48   30   41   68   81  109   50   53   31   60   72    9
   34   11   14   10   10    9   17   13   13    1   18   19   12   17   65   88   22    0   38  172   94   19   87  128  114  107   33   75   16   25
    4   16   29   15   10   31   31   11    4    9   23   23    6    2  152  205   56   36    0  121  101   49   55   37   80  102   67   43  113   12
   16   19   16    1   11   27   29    8    6    5   22   14   10   10  205  207    8   58   44    0   32   28   44  100   19   46   17   21  135   49
   31   19   21   16    5   22   15   17    3    3   13    3   13   10  197  139   11   12   38   44    0   10   38  130   76  144   57    8   94   27
   24    5    7    4    6    6    8   16   12    7   10   17    2   18  183  249   31   33   40  165   77    0   12   99   73  149   10   52   31    5
   23    3    4    5   10   30   16    6    5    7   24   23    2   16  159  189   37   29    9  166   81   70    0   86   92  123   31   74   61   12
   16    8   16   17   11   29    8   15    8    5    5   26    1   16  113   36   78    7   37   22   21   34   34    0   25  111   32   14   20   39
    8   13   19   12   10   29   23   15   14    6    7    5    9   15   34   99   81   57   24   51  105   55   44   15    0  121   74   70  137   46
   17    2   13   14    3   27    7    5   13    1   13    7    7   14  151   50   23   32   21   34   60   66   87   96   28    0   19   18   80   28
   24   16   10   11    3   12    8   12    4    3   13   26    1   10  217  178   29   21   29   86   72   33   78   31   65  146    0   17  139   21
   32   17   16   16   13    7   24   22    2    7   18   13   11    4  128  168   10   59    8   69   61   17   82  130   51   30   29    0   27   48
   28   18   13   15   12   26   23    9    6    9   17   27    8    6   55   82   52   12   28   22   53   17   16   91   19   94   11   15    0   22
   21   17   16   16    6   34   14    9   12    9   16    8   13    7   37  136   38   19   41  137   25   32  115   18  152   74   51   15   23    0
  806  618  985  658  940  619  576  602  565  964  826  574  611  580  881  504  864  932  850  876  839  522  749  936  926  632  631  560  807  660
