 6
10
10
      0    269    119    205     32   2821
    582      0    156    225    135   1110
     99    292      0    136    125   1794
    183    205     50      0    133    762
    355    242    147     65      0   2504
    533    367     86    137    114      0
      0    291     85    216    143   1403
    199      0    183    727     79   2042
    208    356      0    146    118   2028
    338    363     88      0    215    590
    239    735    401    445      0    764
    160    754    303    265     98      0
      0    689    105    334    326    194
     83      0    297    531    656    182
    326   1669      0     77    642    257
    309   1396    441      0    190     78
    214    347    292    743      0    265
    354   1450    450    693    392      0
      0   1446    245    562    350    249
    172      0     70    491    299    309
     50   2189      0    130    106    145
     91   2060     72      0    317    283
    291    577    365    695      0    239
    176   1551     76    313     59      0
      0    155    495     90    408    206
    967      0     78    321    407    411
   1234    194      0    263    628    598
    989    317    115      0    615    710
    734    220    427    323      0    531
    760    410    585    170    619      0
      0    379   1045    631    224    199
    770      0    569    224    367    168
   1070    410      0    415    117    219
    579    697    266      0    204    380
   1257    371    109    604      0    158
    917    504    359    267    504      0
      0    230    190   1445    478    161
    179      0     31    473    190    304
    402    404      0    965    256     86
    329    216    218      0    409    276
    364    293    277   2055      0    164
     92    342    115   2899    135      0
      0    505    413   1122    154    460
    428      0    395    580    525    124
    513    208      0    549    550    107
    278    243    220      0    573    159
    782    418    296   1526      0    213
   1134    315    127    784    283      0
      0    147    370    120    145    110
    628      0    407    163    816    586
    857    389      0    125    491     83
   1336    203    659      0    565    522
   1408    452     86     34      0    581
   1049    546    691    213    201      0
      0    257    211     46    299    329
   1037      0    247     95    232    288
   1004    259      0    161    145    272
   1317    167    105      0    331    182
   3446     71    187    189      0    354
   1953    335    274     82    105      0
    604    574    522    675    748    922
